Category 	Threshold 	TP 	FP 	TN 	FN 	TPR 	FPR
SeqIdentity 	0.0 	19944 	1918 	0 	0 	0.995110268436 	1.0
SeqIdentity 	1.0 	19391 	1814 	104 	553 	0.967518211755 	0.945776850886
SeqIdentity 	2.0 	19382 	1798 	120 	562 	0.967069154775 	0.937434827946
SeqIdentity 	3.0 	19333 	1782 	136 	611 	0.964624288993 	0.929092805005
SeqIdentity 	4.0 	19236 	1723 	195 	708 	0.959784452649 	0.898331595412
SeqIdentity 	5.0 	19095 	1651 	267 	849 	0.952749226624 	0.860792492179
SeqIdentity 	6.0 	18905 	1565 	353 	1039 	0.943269134817 	0.815954118874
SeqIdentity 	7.0 	18827 	1522 	396 	1117 	0.939377307654 	0.793534932221
SeqIdentity 	8.0 	18754 	1464 	454 	1190 	0.935734956591 	0.763295099062
SeqIdentity 	9.0 	18651 	1413 	505 	1293 	0.930595748927 	0.736704900938
SeqIdentity 	10.0 	18564 	1370 	548 	1380 	0.926254864784 	0.714285714286
SeqIdentity 	11.0 	18471 	1325 	593 	1473 	0.92161460932 	0.690823774765
SeqIdentity 	12.0 	18344 	1293 	625 	1600 	0.915277916376 	0.674139728884
SeqIdentity 	13.0 	18260 	1268 	650 	1684 	0.911086717892 	0.66110531804
SeqIdentity 	14.0 	18211 	1248 	670 	1733 	0.908641852111 	0.650677789364
SeqIdentity 	15.0 	18120 	1216 	702 	1824 	0.904101387087 	0.633993743483
SeqIdentity 	16.0 	18032 	1198 	720 	1912 	0.899710607724 	0.624608967675
SeqIdentity 	17.0 	17931 	1160 	758 	2013 	0.8946711905 	0.604796663191
SeqIdentity 	18.0 	17870 	1146 	772 	2074 	0.891627582078 	0.597497393118
SeqIdentity 	19.0 	17803 	1116 	802 	2141 	0.888284602335 	0.581856100104
SeqIdentity 	20.0 	17762 	1102 	816 	2182 	0.886238898314 	0.574556830031
SeqIdentity 	21.0 	17634 	1053 	865 	2310 	0.879852310149 	0.549009384776
SeqIdentity 	22.0 	17556 	1038 	880 	2388 	0.875960482986 	0.541188738269
SeqIdentity 	23.0 	17484 	1013 	905 	2460 	0.872368027143 	0.528154327424
SeqIdentity 	24.0 	17387 	984 	934 	2557 	0.867528190799 	0.513034410845
SeqIdentity 	25.0 	17355 	980 	938 	2589 	0.865931543758 	0.510948905109
SeqIdentity 	26.0 	17200 	952 	966 	2744 	0.858197784652 	0.496350364964
SeqIdentity 	27.0 	17078 	936 	982 	2866 	0.852110567808 	0.488008342023
SeqIdentity 	28.0 	16990 	914 	1004 	2954 	0.847719788444 	0.47653806048
SeqIdentity 	29.0 	16898 	891 	1027 	3046 	0.843129428201 	0.464546402503
SeqIdentity 	30.0 	16831 	880 	1038 	3113 	0.839786448458 	0.458811261731
SeqIdentity 	31.0 	16659 	852 	1066 	3285 	0.831204470612 	0.444212721585
SeqIdentity 	32.0 	16556 	842 	1076 	3388 	0.826065262948 	0.438998957247
SeqIdentity 	33.0 	16530 	840 	1078 	3414 	0.824767987227 	0.43795620438
SeqIdentity 	34.0 	16336 	797 	1121 	3608 	0.815088314539 	0.415537017727
SeqIdentity 	35.0 	16276 	784 	1134 	3668 	0.812094601337 	0.408759124088
SeqIdentity 	36.0 	16162 	775 	1143 	3782 	0.806406546253 	0.404066736184
SeqIdentity 	37.0 	16016 	747 	1171 	3928 	0.799121844127 	0.389468196038
SeqIdentity 	38.0 	15942 	737 	1181 	4002 	0.795429597845 	0.3842544317
SeqIdentity 	39.0 	15844 	727 	1191 	4100 	0.790539866281 	0.379040667362
SeqIdentity 	40.0 	15817 	724 	1194 	4127 	0.78919269534 	0.37747653806
SeqIdentity 	41.0 	15637 	693 	1225 	4307 	0.780211555733 	0.361313868613
SeqIdentity 	42.0 	15497 	677 	1241 	4447 	0.773226224928 	0.352971845673
SeqIdentity 	43.0 	15378 	662 	1256 	4566 	0.767288693743 	0.345151199166
SeqIdentity 	44.0 	15330 	651 	1267 	4614 	0.764893723181 	0.339416058394
SeqIdentity 	45.0 	15222 	638 	1280 	4722 	0.759505039417 	0.332638164755
SeqIdentity 	46.0 	15083 	627 	1291 	4861 	0.752569603832 	0.326903023983
SeqIdentity 	47.0 	14951 	611 	1307 	4993 	0.745983434787 	0.318561001043
SeqIdentity 	48.0 	14849 	604 	1314 	5095 	0.740894122343 	0.314911366006
SeqIdentity 	49.0 	14784 	600 	1318 	5160 	0.737650933041 	0.312825860271
SeqIdentity 	50.0 	14780 	600 	1318 	5164 	0.73745135216 	0.312825860271
SeqIdentity 	51.0 	14329 	545 	1373 	5615 	0.714948607923 	0.284150156413
SeqIdentity 	52.0 	14298 	540 	1378 	5646 	0.713401856102 	0.281543274244
SeqIdentity 	53.0 	14168 	521 	1397 	5776 	0.706915477497 	0.271637122002
SeqIdentity 	54.0 	13980 	507 	1411 	5964 	0.69753517613 	0.264337851929
SeqIdentity 	55.0 	13892 	502 	1416 	6052 	0.693144396767 	0.26173096976
SeqIdentity 	56.0 	13736 	496 	1422 	6208 	0.685360742441 	0.258602711157
SeqIdentity 	57.0 	13634 	488 	1430 	6310 	0.680271429997 	0.254431699687
SeqIdentity 	58.0 	13442 	482 	1436 	6502 	0.67069154775 	0.251303441084
SeqIdentity 	59.0 	13268 	473 	1445 	6676 	0.662009779463 	0.24661105318
SeqIdentity 	60.0 	13219 	463 	1455 	6725 	0.659564913681 	0.241397288843
SeqIdentity 	61.0 	12954 	435 	1483 	6990 	0.646342680371 	0.226798748697
SeqIdentity 	62.0 	12826 	426 	1492 	7118 	0.639956092206 	0.222106360792
SeqIdentity 	63.0 	12686 	418 	1500 	7258 	0.632970761401 	0.217935349322
SeqIdentity 	64.0 	12563 	406 	1512 	7381 	0.626833649336 	0.211678832117
SeqIdentity 	65.0 	12422 	397 	1521 	7522 	0.619798423311 	0.206986444213
SeqIdentity 	66.0 	12313 	393 	1525 	7631 	0.614359844327 	0.204900938478
SeqIdentity 	67.0 	11954 	355 	1563 	7990 	0.596447460333 	0.185088633994
SeqIdentity 	68.0 	11938 	353 	1565 	8006 	0.595649136813 	0.184045881126
SeqIdentity 	69.0 	11721 	347 	1571 	8223 	0.584821874064 	0.180917622523
SeqIdentity 	70.0 	11604 	344 	1574 	8340 	0.57898413332 	0.179353493222
SeqIdentity 	71.0 	11400 	323 	1595 	8544 	0.568805508432 	0.168404588113
SeqIdentity 	72.0 	11276 	313 	1605 	8668 	0.562618501148 	0.163190823775
SeqIdentity 	73.0 	11087 	299 	1619 	8857 	0.55318830456 	0.155891553702
SeqIdentity 	74.0 	10892 	292 	1626 	9052 	0.543458736653 	0.152241918665
SeqIdentity 	75.0 	10866 	290 	1628 	9078 	0.542161460932 	0.151199165798
SeqIdentity 	76.0 	10536 	274 	1644 	9408 	0.52569603832 	0.142857142857
SeqIdentity 	77.0 	10262 	259 	1659 	9682 	0.512024748029 	0.13503649635
SeqIdentity 	78.0 	10100 	254 	1664 	9844 	0.503941722383 	0.132429614181
SeqIdentity 	79.0 	9905 	246 	1672 	10039 	0.494212154476 	0.128258602711
SeqIdentity 	80.0 	9871 	242 	1676 	10073 	0.492515716994 	0.126173096976
SeqIdentity 	81.0 	9366 	228 	1690 	10578 	0.467318630875 	0.118873826903
SeqIdentity 	82.0 	9132 	222 	1696 	10812 	0.455643149386 	0.1157455683
SeqIdentity 	83.0 	9009 	217 	1701 	10935 	0.449506037322 	0.113138686131
SeqIdentity 	84.0 	8719 	208 	1710 	11225 	0.435036423511 	0.108446298227
SeqIdentity 	85.0 	8483 	200 	1718 	11461 	0.423261151582 	0.104275286757
SeqIdentity 	86.0 	8229 	189 	1729 	11715 	0.410587765692 	0.0985401459854
SeqIdentity 	87.0 	8001 	179 	1739 	11943 	0.399211655523 	0.0933263816475
SeqIdentity 	88.0 	7792 	166 	1752 	12152 	0.388783554535 	0.0865484880083
SeqIdentity 	89.0 	7471 	154 	1764 	12473 	0.372767188903 	0.0802919708029
SeqIdentity 	90.0 	7354 	153 	1765 	12590 	0.366929448159 	0.0797705943691
SeqIdentity 	91.0 	6746 	131 	1787 	13198 	0.336593154376 	0.0683003128259
SeqIdentity 	92.0 	6393 	123 	1795 	13551 	0.318980141702 	0.0641293013556
SeqIdentity 	93.0 	5765 	112 	1806 	14179 	0.287645943519 	0.0583941605839
SeqIdentity 	94.0 	5436 	105 	1813 	14508 	0.271230416126 	0.0547445255474
SeqIdentity 	95.0 	5031 	99 	1819 	14913 	0.251022852011 	0.0516162669447
SeqIdentity 	96.0 	4642 	94 	1824 	15302 	0.231613611416 	0.0490093847758
SeqIdentity 	97.0 	4308 	85 	1833 	15636 	0.214948607923 	0.0443169968717
SeqIdentity 	98.0 	4265 	84 	1834 	15679 	0.212803113462 	0.043795620438
SeqIdentity 	99.0 	4254 	84 	1834 	15690 	0.212254266041 	0.043795620438
SeqIdentity 	100.0 	4254 	84 	1834 	15690 	0.212254266041 	0.043795620438
Clustermembers 	0 	10940 	297 	1621 	9102 	0.545853707215 	0.154848800834
Clustermembers 	1 	10940 	297 	1621 	9102 	0.545853707215 	0.154848800834
Clustermembers 	2 	10940 	297 	1621 	9102 	0.545853707215 	0.154848800834
Clustermembers 	3 	10868 	260 	1658 	9174 	0.542261251372 	0.135557872784
Clustermembers 	4 	10298 	179 	1739 	9744 	0.513820975951 	0.0933263816475
Clustermembers 	5 	9333 	139 	1779 	10709 	0.465672088614 	0.0724713242961
Clustermembers 	6 	8776 	111 	1807 	11266 	0.437880451053 	0.0578727841502
Clustermembers 	7 	8100 	81 	1837 	11942 	0.404151282307 	0.0422314911366
Clustermembers 	8 	7596 	61 	1857 	12446 	0.379004091408 	0.0318039624609
Clustermembers 	9 	7069 	40 	1878 	12973 	0.352709310448 	0.0208550573514
Clustermembers 	10 	6641 	29 	1889 	13401 	0.331354156272 	0.0151199165798
Clustermembers 	11 	6133 	18 	1900 	13909 	0.306007384493 	0.00938477580813
Clustermembers 	12 	5749 	15 	1903 	14293 	0.286847619998 	0.00782064650678
Clustermembers 	13 	5387 	14 	1904 	14655 	0.268785550344 	0.00729927007299
Clustermembers 	14 	4921 	13 	1905 	15121 	0.245534377807 	0.00677789363921
Clustermembers 	15 	4569 	11 	1907 	15473 	0.227971260353 	0.00573514077164
Clustermembers 	16 	4275 	8 	1910 	15767 	0.213302065662 	0.00417101147028
Clustermembers 	17 	3992 	7 	1911 	16050 	0.199181718391 	0.0036496350365
Clustermembers 	18 	3659 	6 	1912 	16383 	0.182566610119 	0.00312825860271
Clustermembers 	19 	3421 	6 	1912 	16621 	0.17069154775 	0.00312825860271
Clustermembers 	20 	3199 	5 	1913 	16843 	0.159614808901 	0.00260688216893
Clustermembers 	21 	3028 	5 	1913 	17014 	0.151082726275 	0.00260688216893
Clustermembers 	22 	2799 	4 	1914 	17243 	0.139656720886 	0.00208550573514
Clustermembers 	23 	2691 	4 	1914 	17351 	0.134268037122 	0.00208550573514
Clustermembers 	24 	2504 	4 	1914 	17538 	0.124937630975 	0.00208550573514
Clustermembers 	25 	2360 	4 	1914 	17682 	0.117752719289 	0.00208550573514
Clustermembers 	26 	2141 	3 	1915 	17901 	0.106825666101 	0.00156412930136
Clustermembers 	27 	2023 	3 	1915 	18019 	0.100938030137 	0.00156412930136
Clustermembers 	28 	1838 	1 	1917 	18204 	0.0917074144297 	0.000521376433785
Clustermembers 	29 	1704 	0 	1918 	18338 	0.0850214549446 	0.0
Clustermembers 	30 	1623 	0 	1918 	18419 	0.0809799421215 	0.0
Clustermembers 	31 	1509 	0 	1918 	18533 	0.0752918870372 	0.0
Clustermembers 	32 	1465 	0 	1918 	18577 	0.0730964973556 	0.0
Clustermembers 	33 	1404 	0 	1918 	18638 	0.0700528889332 	0.0
Clustermembers 	34 	1332 	0 	1918 	18710 	0.0664604330905 	0.0
Clustermembers 	35 	1228 	0 	1918 	18814 	0.0612713302066 	0.0
Clustermembers 	36 	1158 	0 	1918 	18884 	0.0577786648039 	0.0
Clustermembers 	37 	1011 	0 	1918 	19031 	0.0504440674583 	0.0
Clustermembers 	38 	983 	0 	1918 	19059 	0.0490470012973 	0.0
Clustermembers 	39 	923 	0 	1918 	19119 	0.046053288095 	0.0
Clustermembers 	40 	883 	0 	1918 	19159 	0.0440574792935 	0.0
Clustermembers 	41 	782 	0 	1918 	19260 	0.0390180620697 	0.0
Clustermembers 	42 	741 	0 	1918 	19301 	0.0369723580481 	0.0
Clustermembers 	43 	727 	0 	1918 	19315 	0.0362738249676 	0.0
Clustermembers 	44 	683 	0 	1918 	19359 	0.0340784352859 	0.0
Clustermembers 	45 	618 	0 	1918 	19424 	0.0308352459834 	0.0
Clustermembers 	46 	567 	0 	1918 	19475 	0.0282905897615 	0.0
Clustermembers 	47 	514 	0 	1918 	19528 	0.0256461430995 	0.0
Clustermembers 	48 	492 	0 	1918 	19550 	0.0245484482587 	0.0
Clustermembers 	49 	434 	0 	1918 	19608 	0.0216545254965 	0.0
Clustermembers 	50 	433 	0 	1918 	19609 	0.0216046302764 	0.0
Clustermembers 	51 	399 	0 	1918 	19643 	0.0199081927951 	0.0
Clustermembers 	52 	330 	0 	1918 	19712 	0.0164654226125 	0.0
Clustermembers 	53 	330 	0 	1918 	19712 	0.0164654226125 	0.0
Clustermembers 	54 	308 	0 	1918 	19734 	0.0153677277717 	0.0
Clustermembers 	55 	308 	0 	1918 	19734 	0.0153677277717 	0.0
Clustermembers 	56 	308 	0 	1918 	19734 	0.0153677277717 	0.0
Clustermembers 	57 	286 	0 	1918 	19756 	0.0142700329308 	0.0
Clustermembers 	58 	264 	0 	1918 	19778 	0.01317233809 	0.0
Clustermembers 	59 	243 	0 	1918 	19799 	0.0121245384692 	0.0
Clustermembers 	60 	194 	0 	1918 	19848 	0.00967967268736 	0.0
Clustermembers 	61 	167 	0 	1918 	19875 	0.00833250174633 	0.0
Clustermembers 	62 	167 	0 	1918 	19875 	0.00833250174633 	0.0
Clustermembers 	63 	146 	0 	1918 	19896 	0.00728470212554 	0.0
Clustermembers 	64 	72 	0 	1918 	19970 	0.00359245584273 	0.0
Clustermembers 	65 	72 	0 	1918 	19970 	0.00359245584273 	0.0
Clustermembers 	66 	49 	0 	1918 	19993 	0.00244486578186 	0.0
Clustermembers 	67 	49 	0 	1918 	19993 	0.00244486578186 	0.0
Clustermembers 	68 	49 	0 	1918 	19993 	0.00244486578186 	0.0
Clustermembers 	69 	49 	0 	1918 	19993 	0.00244486578186 	0.0
Clustermembers 	70 	49 	0 	1918 	19993 	0.00244486578186 	0.0
Clustermembers 	71 	49 	0 	1918 	19993 	0.00244486578186 	0.0
Clustermembers 	72 	49 	0 	1918 	19993 	0.00244486578186 	0.0
Clustermembers 	73 	49 	0 	1918 	19993 	0.00244486578186 	0.0
Clustermembers 	74 	49 	0 	1918 	19993 	0.00244486578186 	0.0
Clustermembers 	75 	49 	0 	1918 	19993 	0.00244486578186 	0.0
Clustermembers 	76 	49 	0 	1918 	19993 	0.00244486578186 	0.0
Clustermembers 	77 	49 	0 	1918 	19993 	0.00244486578186 	0.0
Clustermembers 	78 	49 	0 	1918 	19993 	0.00244486578186 	0.0
Clustermembers 	79 	49 	0 	1918 	19993 	0.00244486578186 	0.0
Clustermembers 	80 	49 	0 	1918 	19993 	0.00244486578186 	0.0
Clustermembers 	81 	49 	0 	1918 	19993 	0.00244486578186 	0.0
Clustermembers 	82 	49 	0 	1918 	19993 	0.00244486578186 	0.0
Clustermembers 	83 	49 	0 	1918 	19993 	0.00244486578186 	0.0
Clustermembers 	84 	49 	0 	1918 	19993 	0.00244486578186 	0.0
Clustermembers 	85 	49 	0 	1918 	19993 	0.00244486578186 	0.0
Clustermembers 	86 	49 	0 	1918 	19993 	0.00244486578186 	0.0
Clustermembers 	87 	49 	0 	1918 	19993 	0.00244486578186 	0.0
Clustermembers 	88 	49 	0 	1918 	19993 	0.00244486578186 	0.0
Clustermembers 	89 	49 	0 	1918 	19993 	0.00244486578186 	0.0
Clustermembers 	90 	49 	0 	1918 	19993 	0.00244486578186 	0.0
Clustermembers 	91 	49 	0 	1918 	19993 	0.00244486578186 	0.0
Clustermembers 	92 	49 	0 	1918 	19993 	0.00244486578186 	0.0
Clustermembers 	93 	49 	0 	1918 	19993 	0.00244486578186 	0.0
Clustermembers 	94 	49 	0 	1918 	19993 	0.00244486578186 	0.0
Clustermembers 	95 	49 	0 	1918 	19993 	0.00244486578186 	0.0
Clustermembers 	96 	49 	0 	1918 	19993 	0.00244486578186 	0.0
Clustermembers 	97 	49 	0 	1918 	19993 	0.00244486578186 	0.0
Clustermembers 	98 	49 	0 	1918 	19993 	0.00244486578186 	0.0
Clustermembers 	99 	49 	0 	1918 	19993 	0.00244486578186 	0.0
Clustermembers 	100 	49 	0 	1918 	19993 	0.00244486578186 	0.0
TypeIdentity 	0.0 	20042 	1918 	0 	0 	1.0 	1.0
TypeIdentity 	1.0 	19477 	1826 	92 	565 	0.971809200679 	0.952033368092
TypeIdentity 	2.0 	19474 	1820 	98 	568 	0.971659515018 	0.948905109489
TypeIdentity 	3.0 	19460 	1815 	103 	582 	0.970960981938 	0.94629822732
TypeIdentity 	4.0 	19426 	1780 	138 	616 	0.969264544457 	0.928050052138
TypeIdentity 	5.0 	19367 	1756 	162 	675 	0.966320726474 	0.915537017727
TypeIdentity 	6.0 	19294 	1713 	205 	748 	0.962678375412 	0.893117831074
TypeIdentity 	7.0 	19262 	1693 	225 	780 	0.96108172837 	0.882690302398
TypeIdentity 	8.0 	19233 	1662 	256 	809 	0.959634766989 	0.866527632951
TypeIdentity 	9.0 	19194 	1637 	281 	848 	0.957688853408 	0.853493222106
TypeIdentity 	10.0 	19139 	1616 	302 	903 	0.954944616306 	0.842544316997
TypeIdentity 	11.0 	19097 	1589 	329 	945 	0.952849017064 	0.828467153285
TypeIdentity 	12.0 	19030 	1567 	351 	1012 	0.949506037322 	0.816996871741
TypeIdentity 	13.0 	18980 	1547 	371 	1062 	0.94701127632 	0.806569343066
TypeIdentity 	14.0 	18953 	1530 	388 	1089 	0.945664105379 	0.797705943691
TypeIdentity 	15.0 	18914 	1508 	410 	1128 	0.943718191797 	0.786235662148
TypeIdentity 	16.0 	18869 	1497 	421 	1173 	0.941472906896 	0.780500521376
TypeIdentity 	17.0 	18807 	1465 	453 	1235 	0.938379403253 	0.763816475495
TypeIdentity 	18.0 	18762 	1450 	468 	1280 	0.936134118351 	0.755995828989
TypeIdentity 	19.0 	18720 	1439 	479 	1322 	0.93403851911 	0.750260688217
TypeIdentity 	20.0 	18703 	1427 	491 	1339 	0.933190300369 	0.744004171011
TypeIdentity 	21.0 	18645 	1388 	530 	1397 	0.930296377607 	0.723670490094
TypeIdentity 	22.0 	18600 	1375 	543 	1442 	0.928051092705 	0.716892596455
TypeIdentity 	23.0 	18558 	1356 	562 	1484 	0.925955493464 	0.706986444213
TypeIdentity 	24.0 	18494 	1334 	584 	1548 	0.922762199381 	0.695516162669
TypeIdentity 	25.0 	18476 	1330 	588 	1566 	0.921864085421 	0.693430656934
TypeIdentity 	26.0 	18388 	1300 	618 	1654 	0.917473306057 	0.677789363921
TypeIdentity 	27.0 	18329 	1278 	640 	1713 	0.914529488075 	0.666319082377
TypeIdentity 	28.0 	18281 	1258 	660 	1761 	0.912134517513 	0.655891553702
TypeIdentity 	29.0 	18209 	1242 	676 	1833 	0.90854206167 	0.647549530761
TypeIdentity 	30.0 	18171 	1229 	689 	1871 	0.906646043309 	0.640771637122
TypeIdentity 	31.0 	18066 	1201 	717 	1976 	0.901407045205 	0.626173096976
TypeIdentity 	32.0 	18013 	1193 	725 	2029 	0.898762598543 	0.622002085506
TypeIdentity 	33.0 	17990 	1186 	732 	2052 	0.897615008482 	0.618352450469
TypeIdentity 	34.0 	17870 	1145 	773 	2172 	0.891627582078 	0.596976016684
TypeIdentity 	35.0 	17839 	1140 	778 	2203 	0.890080830256 	0.594369134515
TypeIdentity 	36.0 	17746 	1127 	791 	2296 	0.885440574793 	0.587591240876
TypeIdentity 	37.0 	17674 	1108 	810 	2368 	0.88184811895 	0.577685088634
TypeIdentity 	38.0 	17632 	1089 	829 	2410 	0.879752519709 	0.567778936392
TypeIdentity 	39.0 	17570 	1078 	840 	2472 	0.876659016066 	0.56204379562
TypeIdentity 	40.0 	17548 	1073 	845 	2494 	0.875561321225 	0.559436913452
TypeIdentity 	41.0 	17411 	1035 	883 	2631 	0.86872567608 	0.539624608968
TypeIdentity 	42.0 	17311 	1021 	897 	2731 	0.863736154076 	0.532325338895
TypeIdentity 	43.0 	17211 	1009 	909 	2831 	0.858746632073 	0.526068821689
TypeIdentity 	44.0 	17170 	1002 	916 	2872 	0.856700928051 	0.522419186653
TypeIdentity 	45.0 	17109 	994 	924 	2933 	0.853657319629 	0.518248175182
TypeIdentity 	46.0 	17014 	981 	937 	3028 	0.848917273725 	0.511470281543
TypeIdentity 	47.0 	16918 	963 	955 	3124 	0.844127332602 	0.502085505735
TypeIdentity 	48.0 	16840 	948 	970 	3202 	0.840235505439 	0.494264859228
TypeIdentity 	49.0 	16787 	941 	977 	3255 	0.837591058777 	0.490615224192
TypeIdentity 	50.0 	16783 	941 	977 	3259 	0.837391477896 	0.490615224192
TypeIdentity 	51.0 	16481 	874 	1044 	3561 	0.822323121445 	0.455683003128
TypeIdentity 	52.0 	16444 	869 	1049 	3598 	0.820476998304 	0.453076120959
TypeIdentity 	53.0 	16350 	853 	1065 	3692 	0.81578684762 	0.444734098019
TypeIdentity 	54.0 	16231 	843 	1075 	3811 	0.809849316435 	0.439520333681
TypeIdentity 	55.0 	16173 	837 	1081 	3869 	0.806955393673 	0.436392075078
TypeIdentity 	56.0 	16058 	828 	1090 	3984 	0.801217443369 	0.431699687174
TypeIdentity 	57.0 	15974 	821 	1097 	4068 	0.797026244886 	0.428050052138
TypeIdentity 	58.0 	15825 	804 	1114 	4217 	0.7895918571 	0.419186652763
TypeIdentity 	59.0 	15705 	795 	1123 	4337 	0.783604430696 	0.414494264859
TypeIdentity 	60.0 	15673 	790 	1128 	4369 	0.782007783654 	0.41188738269
TypeIdentity 	61.0 	15468 	761 	1157 	4574 	0.771779263547 	0.396767466111
TypeIdentity 	62.0 	15351 	752 	1166 	4691 	0.765941522802 	0.392075078206
TypeIdentity 	63.0 	15257 	739 	1179 	4785 	0.761251372119 	0.385297184567
TypeIdentity 	64.0 	15156 	714 	1204 	4886 	0.756211954895 	0.372262773723
TypeIdentity 	65.0 	15018 	707 	1211 	5024 	0.749326414529 	0.368613138686
TypeIdentity 	66.0 	14917 	700 	1218 	5125 	0.744286997306 	0.36496350365
TypeIdentity 	67.0 	14618 	656 	1262 	5424 	0.729368326514 	0.342022940563
TypeIdentity 	68.0 	14602 	651 	1267 	5440 	0.728570002994 	0.339416058394
TypeIdentity 	69.0 	14432 	638 	1280 	5610 	0.720087815587 	0.332638164755
TypeIdentity 	70.0 	14348 	630 	1288 	5694 	0.715896617104 	0.328467153285
TypeIdentity 	71.0 	14156 	614 	1304 	5886 	0.706316734857 	0.320125130344
TypeIdentity 	72.0 	14044 	604 	1314 	5998 	0.700728470213 	0.314911366006
TypeIdentity 	73.0 	13886 	583 	1335 	6156 	0.692845025447 	0.303962460897
TypeIdentity 	74.0 	13728 	570 	1348 	6314 	0.684961580681 	0.297184567258
TypeIdentity 	75.0 	13708 	568 	1350 	6334 	0.68396367628 	0.29614181439
TypeIdentity 	76.0 	13395 	551 	1367 	6647 	0.668346472408 	0.287278415016
TypeIdentity 	77.0 	13162 	525 	1393 	6880 	0.656720886139 	0.273722627737
TypeIdentity 	78.0 	13014 	509 	1409 	7028 	0.649336393573 	0.265380604797
TypeIdentity 	79.0 	12812 	498 	1420 	7230 	0.639257559126 	0.259645464025
TypeIdentity 	80.0 	12778 	493 	1425 	7264 	0.637561121645 	0.257038581856
TypeIdentity 	81.0 	12306 	467 	1451 	7736 	0.614010577787 	0.243482794578
TypeIdentity 	82.0 	12086 	454 	1464 	7956 	0.603033629378 	0.236704900938
TypeIdentity 	83.0 	11976 	439 	1479 	8066 	0.597545155174 	0.228884254432
TypeIdentity 	84.0 	11638 	422 	1496 	8404 	0.580680570801 	0.220020855057
TypeIdentity 	85.0 	11393 	408 	1510 	8649 	0.568456241892 	0.212721584984
TypeIdentity 	86.0 	11107 	389 	1529 	8935 	0.554186208961 	0.202815432742
TypeIdentity 	87.0 	10835 	376 	1542 	9207 	0.540614709111 	0.196037539103
TypeIdentity 	88.0 	10623 	359 	1559 	9419 	0.530036922463 	0.187174139729
TypeIdentity 	89.0 	10267 	337 	1581 	9775 	0.512274224129 	0.175703858186
TypeIdentity 	90.0 	10131 	329 	1589 	9911 	0.505488474204 	0.171532846715
TypeIdentity 	91.0 	9433 	284 	1634 	10609 	0.470661610618 	0.148070907195
TypeIdentity 	92.0 	9054 	272 	1646 	10988 	0.451751322223 	0.14181438999
TypeIdentity 	93.0 	8318 	246 	1672 	11724 	0.415028440275 	0.128258602711
TypeIdentity 	94.0 	7869 	231 	1687 	12173 	0.392625486478 	0.120437956204
TypeIdentity 	95.0 	7326 	220 	1698 	12716 	0.365532381998 	0.114702815433
TypeIdentity 	96.0 	6679 	207 	1711 	13363 	0.333250174633 	0.107924921794
TypeIdentity 	97.0 	6123 	190 	1728 	13919 	0.305508432292 	0.0990615224192
TypeIdentity 	98.0 	6046 	183 	1735 	13996 	0.301666500349 	0.0954118873827
TypeIdentity 	99.0 	6026 	182 	1736 	14016 	0.300668595949 	0.0948905109489
TypeIdentity 	100.0 	6026 	179 	1739 	14016 	0.300668595949 	0.0933263816475
TotalEvidence 	0 	20042 	1918 	0 	0 	1.0 	1.0
TotalEvidence 	1 	20042 	1883 	35 	0 	1.0 	0.981751824818
TotalEvidence 	2 	20032 	1851 	67 	10 	0.9995010478 	0.965067778936
TotalEvidence 	3 	20010 	1821 	97 	32 	0.998403352959 	0.949426485923
TotalEvidence 	4 	19944 	1773 	145 	98 	0.995110268436 	0.924400417101
TotalEvidence 	5 	19792 	1706 	212 	250 	0.987526194991 	0.889468196038
TotalEvidence 	6 	19585 	1662 	256 	457 	0.977197884443 	0.866527632951
TotalEvidence 	7 	19283 	1594 	324 	759 	0.962129527991 	0.831074035454
TotalEvidence 	8 	18960 	1523 	395 	1082 	0.946013371919 	0.794056308655
TotalEvidence 	9 	18639 	1466 	452 	1403 	0.929997006287 	0.764337851929
TotalEvidence 	10 	18252 	1416 	502 	1790 	0.910687556132 	0.73826903024
TotalEvidence 	11 	17893 	1368 	550 	2149 	0.892775172139 	0.713242961418
TotalEvidence 	12 	17423 	1315 	603 	2619 	0.869324418721 	0.685610010428
TotalEvidence 	13 	17075 	1255 	663 	2967 	0.851960882147 	0.6543274244
TotalEvidence 	14 	16655 	1190 	728 	3387 	0.831004889732 	0.620437956204
TotalEvidence 	15 	16246 	1151 	767 	3796 	0.810597744736 	0.600104275287
TotalEvidence 	16 	15913 	1100 	818 	4129 	0.793982636463 	0.573514077164
TotalEvidence 	17 	15539 	1051 	867 	4503 	0.775321824169 	0.547966631908
TotalEvidence 	18 	15277 	1014 	904 	4765 	0.762249276519 	0.528675703858
TotalEvidence 	19 	14811 	981 	937 	5231 	0.738998103982 	0.511470281543
TotalEvidence 	20 	14477 	949 	969 	5565 	0.722333100489 	0.494786235662
TotalEvidence 	21 	14204 	931 	987 	5838 	0.708711705419 	0.485401459854
TotalEvidence 	22 	13892 	899 	1019 	6150 	0.693144396767 	0.468717413973
TotalEvidence 	23 	13517 	871 	1047 	6525 	0.674433689253 	0.454118873827
TotalEvidence 	24 	13254 	832 	1086 	6788 	0.661311246383 	0.433785192909
TotalEvidence 	25 	12948 	802 	1116 	7094 	0.646043309051 	0.418143899896
TotalEvidence 	26 	12625 	789 	1129 	7417 	0.629927152979 	0.411366006257
TotalEvidence 	27 	12502 	750 	1168 	7540 	0.623790040914 	0.391032325339
TotalEvidence 	28 	12288 	725 	1193 	7754 	0.613112463826 	0.377997914494
TotalEvidence 	29 	12009 	703 	1215 	8033 	0.599191697435 	0.366527632951
TotalEvidence 	30 	11796 	686 	1232 	8246 	0.588564015567 	0.357664233577
TotalEvidence 	31 	11611 	674 	1244 	8431 	0.57933339986 	0.351407716371
TotalEvidence 	32 	11295 	666 	1252 	8747 	0.563566510328 	0.347236704901
TotalEvidence 	33 	11063 	638 	1280 	8979 	0.55199081928 	0.332638164755
TotalEvidence 	34 	10757 	618 	1300 	9285 	0.536722881948 	0.322210636079
TotalEvidence 	35 	10542 	599 	1319 	9500 	0.52599540964 	0.312304483837
TotalEvidence 	36 	10336 	595 	1323 	9706 	0.515716994312 	0.310218978102
TotalEvidence 	37 	10173 	583 	1335 	9869 	0.507584073446 	0.303962460897
TotalEvidence 	38 	9894 	563 	1355 	10148 	0.493663307055 	0.293534932221
TotalEvidence 	39 	9668 	541 	1377 	10374 	0.482386987327 	0.282064650678
TotalEvidence 	40 	9465 	532 	1386 	10577 	0.472258257659 	0.277372262774
TotalEvidence 	41 	9338 	517 	1401 	10704 	0.465921564714 	0.269551616267
TotalEvidence 	42 	9276 	509 	1409 	10766 	0.462828061072 	0.265380604797
TotalEvidence 	43 	9132 	499 	1419 	10910 	0.455643149386 	0.260166840459
TotalEvidence 	44 	8989 	487 	1431 	11053 	0.448508132921 	0.253910323253
TotalEvidence 	45 	8925 	468 	1450 	11117 	0.445314838838 	0.244004171011
TotalEvidence 	46 	8807 	452 	1466 	11235 	0.439427202874 	0.235662148071
TotalEvidence 	47 	8721 	441 	1477 	11321 	0.435136213951 	0.229927007299
TotalEvidence 	48 	8631 	430 	1488 	11411 	0.430645644147 	0.224191866528
TotalEvidence 	49 	8450 	409 	1509 	11592 	0.42161460932 	0.213242961418
TotalEvidence 	50 	8351 	396 	1522 	11691 	0.416674982537 	0.206465067779
TotalEvidence 	51 	8280 	380 	1538 	11762 	0.413132421914 	0.198123044838
TotalEvidence 	52 	8153 	374 	1544 	11889 	0.406795728969 	0.194994786236
TotalEvidence 	53 	8079 	368 	1550 	11963 	0.403103482686 	0.191866527633
TotalEvidence 	54 	7836 	354 	1564 	12206 	0.390978944217 	0.18456725756
TotalEvidence 	55 	7640 	352 	1566 	12402 	0.38119948109 	0.183524504692
TotalEvidence 	56 	7545 	347 	1571 	12497 	0.376459435186 	0.180917622523
TotalEvidence 	57 	7447 	340 	1578 	12595 	0.371569703622 	0.177267987487
TotalEvidence 	58 	7359 	338 	1580 	12683 	0.367178924259 	0.176225234619
TotalEvidence 	59 	7218 	331 	1587 	12824 	0.360143698234 	0.172575599583
TotalEvidence 	60 	7085 	323 	1595 	12957 	0.353507633969 	0.168404588113
TotalEvidence 	61 	6992 	313 	1605 	13050 	0.348867378505 	0.163190823775
TotalEvidence 	62 	6891 	307 	1611 	13151 	0.343827961281 	0.160062565172
TotalEvidence 	63 	6823 	281 	1637 	13219 	0.340435086319 	0.146506777894
TotalEvidence 	64 	6819 	277 	1641 	13223 	0.340235505439 	0.144421272158
TotalEvidence 	65 	6741 	256 	1662 	13301 	0.336343678276 	0.133472367049
TotalEvidence 	66 	6600 	249 	1669 	13442 	0.32930845225 	0.129822732013
TotalEvidence 	67 	6491 	245 	1673 	13551 	0.323869873266 	0.127737226277
TotalEvidence 	68 	6490 	245 	1673 	13552 	0.323819978046 	0.127737226277
TotalEvidence 	69 	6477 	237 	1681 	13565 	0.323171340186 	0.123566214807
TotalEvidence 	70 	6383 	236 	1682 	13659 	0.318481189502 	0.123044838373
TotalEvidence 	71 	6223 	225 	1693 	13819 	0.310497954296 	0.117309697602
TotalEvidence 	72 	6107 	222 	1696 	13935 	0.304710108772 	0.1157455683
TotalEvidence 	73 	6045 	217 	1701 	13997 	0.301616605129 	0.113138686131
TotalEvidence 	74 	5914 	212 	1706 	14128 	0.295080331304 	0.110531803962
TotalEvidence 	75 	5898 	205 	1713 	14144 	0.294282007784 	0.106882168926
TotalEvidence 	76 	5844 	197 	1721 	14198 	0.291587665902 	0.102711157456
TotalEvidence 	77 	5596 	185 	1733 	14446 	0.279213651332 	0.0964546402503
TotalEvidence 	78 	5550 	180 	1738 	14492 	0.27691847121 	0.0938477580813
TotalEvidence 	79 	5448 	175 	1743 	14594 	0.271829158767 	0.0912408759124
TotalEvidence 	80 	5274 	172 	1746 	14768 	0.26314739048 	0.0896767466111
TotalEvidence 	81 	5213 	167 	1751 	14829 	0.260103782058 	0.0870698644421
TotalEvidence 	82 	5213 	151 	1767 	14829 	0.260103782058 	0.0787278415016
TotalEvidence 	83 	5129 	150 	1768 	14913 	0.255912583574 	0.0782064650678
TotalEvidence 	84 	4939 	146 	1772 	15103 	0.246432491767 	0.0761209593326
TotalEvidence 	85 	4890 	144 	1774 	15152 	0.243987625985 	0.0750782064651
TotalEvidence 	86 	4890 	138 	1780 	15152 	0.243987625985 	0.0719499478624
TotalEvidence 	87 	4797 	138 	1780 	15245 	0.239347370522 	0.0719499478624
TotalEvidence 	88 	4732 	137 	1781 	15310 	0.236104181219 	0.0714285714286
TotalEvidence 	89 	4659 	135 	1783 	15383 	0.232461830157 	0.070385818561
TotalEvidence 	90 	4563 	128 	1790 	15479 	0.227671889033 	0.0667361835245
TotalEvidence 	91 	4470 	128 	1790 	15572 	0.22303163357 	0.0667361835245
TotalEvidence 	92 	4469 	125 	1793 	15573 	0.222981738349 	0.0651720542231
TotalEvidence 	93 	4343 	123 	1795 	15699 	0.216694940625 	0.0641293013556
TotalEvidence 	94 	4229 	123 	1795 	15813 	0.21100688554 	0.0641293013556
TotalEvidence 	95 	4086 	123 	1795 	15956 	0.203871869075 	0.0641293013556
TotalEvidence 	96 	4013 	118 	1800 	16029 	0.200229518012 	0.0615224191867
TotalEvidence 	97 	4013 	117 	1801 	16029 	0.200229518012 	0.0610010427529
TotalEvidence 	98 	3989 	117 	1801 	16053 	0.199032032731 	0.0610010427529
TotalEvidence 	99 	3989 	114 	1804 	16053 	0.199032032731 	0.0594369134515
TotalEvidence 	100 	3988 	111 	1807 	16054 	0.198982137511 	0.0578727841502
Mutscore 	0 	10940 	297 	1621 	9102 	0.545853707215 	0.154848800834
Mutscore 	1 	9323 	243 	1675 	10719 	0.465173136414 	0.12669447341
Mutscore 	2 	5477 	112 	1806 	14565 	0.273276120148 	0.0583941605839
Mutscore 	3 	2602 	62 	1856 	17440 	0.129827362539 	0.0323253388947
Mutscore 	4 	1 	0 	1918 	20041 	4.98952200379e-05 	0.0
ProteinClusters 	0.0 	20042 	1918 	0 	0 	1.0 	1.0
ProteinClusters 	9.0 	5237 	54 	1864 	14805 	0.261301267339 	0.0281543274244
ProteinClusters 	29.16 	599 	0 	1918 	19443 	0.0298872368027 	0.0
ProteinClusters 	18.0 	1175 	6 	1912 	18867 	0.0586268835446 	0.00312825860271
ProteinClusters 	11.16 	2882 	28 	1890 	17160 	0.143798024149 	0.014598540146
ProteinClusters 	9.36 	4196 	48 	1870 	15846 	0.209360343279 	0.0250260688217
ProteinClusters 	27.36 	599 	0 	1918 	19443 	0.0298872368027 	0.0
ProteinClusters 	14.76 	1520 	14 	1904 	18522 	0.0758407344576 	0.00729927007299
ProteinClusters 	27.0 	599 	0 	1918 	19443 	0.0298872368027 	0.0
ProteinClusters 	35.28 	165 	0 	1918 	19877 	0.00823271130626 	0.0
ProteinClusters 	36.0 	165 	0 	1918 	19877 	0.00823271130626 	0.0
ProteinClusters 	18.72 	903 	5 	1913 	19139 	0.0450553836942 	0.00260688216893
ProteinClusters 	13.32 	1917 	19 	1899 	18125 	0.0956491368127 	0.00990615224192
ProteinClusters 	9.72 	4196 	48 	1870 	15846 	0.209360343279 	0.0250260688217
ProteinClusters 	28.08 	599 	0 	1918 	19443 	0.0298872368027 	0.0
ProteinClusters 	20.16 	821 	3 	1915 	19221 	0.0409639756511 	0.00156412930136
ProteinClusters 	28.44 	599 	0 	1918 	19443 	0.0298872368027 	0.0
ProteinClusters 	26.28 	599 	0 	1918 	19443 	0.0298872368027 	0.0
ProteinClusters 	7.2 	6036 	80 	1838 	14006 	0.301167548149 	0.0417101147028
ProteinClusters 	29.88 	599 	0 	1918 	19443 	0.0298872368027 	0.0
ProteinClusters 	21.6 	781 	3 	1915 	19261 	0.0389681668496 	0.00156412930136
ProteinClusters 	30.6 	599 	0 	1918 	19443 	0.0298872368027 	0.0
ProteinClusters 	19.8 	903 	4 	1914 	19139 	0.0450553836942 	0.00208550573514
ProteinClusters 	15.12 	1430 	10 	1908 	18612 	0.0713501646542 	0.00521376433785
ProteinClusters 	5.4 	7526 	117 	1801 	12516 	0.375511426005 	0.0610010427529
ProteinClusters 	22.32 	776 	0 	1918 	19266 	0.0387186907494 	0.0
ProteinClusters 	12.96 	2451 	22 	1896 	17591 	0.122293184313 	0.0114702815433
ProteinClusters 	32.76 	225 	0 	1918 	19817 	0.0112264245085 	0.0
ProteinClusters 	20.52 	821 	3 	1915 	19221 	0.0409639756511 	0.00156412930136
ProteinClusters 	2.88 	10339 	246 	1672 	9703 	0.515866679972 	0.128258602711
ProteinClusters 	30.24 	599 	0 	1918 	19443 	0.0298872368027 	0.0
ProteinClusters 	10.44 	3445 	41 	1877 	16597 	0.171889033031 	0.0213764337852
ProteinClusters 	11.88 	2882 	28 	1890 	17160 	0.143798024149 	0.014598540146
ProteinClusters 	8.28 	5237 	54 	1864 	14805 	0.261301267339 	0.0281543274244
ProteinClusters 	6.84 	6650 	95 	1823 	13392 	0.331803213252 	0.0495307612096
ProteinClusters 	21.24 	781 	3 	1915 	19261 	0.0389681668496 	0.00156412930136
ProteinClusters 	12.24 	2451 	22 	1896 	17591 	0.122293184313 	0.0114702815433
ProteinClusters 	20.88 	821 	3 	1915 	19221 	0.0409639756511 	0.00156412930136
ProteinClusters 	10.8 	3445 	41 	1877 	16597 	0.171889033031 	0.0213764337852
ProteinClusters 	16.2 	1359 	8 	1910 	18683 	0.0678076040315 	0.00417101147028
ProteinClusters 	25.2 	599 	0 	1918 	19443 	0.0298872368027 	0.0
ProteinClusters 	15.48 	1430 	10 	1908 	18612 	0.0713501646542 	0.00521376433785
ProteinClusters 	14.4 	1520 	14 	1904 	18522 	0.0758407344576 	0.00729927007299
ProteinClusters 	4.68 	8617 	151 	1767 	11425 	0.429947111067 	0.0787278415016
ProteinClusters 	34.2 	210 	0 	1918 	19832 	0.010477996208 	0.0
ProteinClusters 	25.92 	599 	0 	1918 	19443 	0.0298872368027 	0.0
ProteinClusters 	30.96 	599 	0 	1918 	19443 	0.0298872368027 	0.0
ProteinClusters 	29.52 	599 	0 	1918 	19443 	0.0298872368027 	0.0
ProteinClusters 	1.8 	10878 	295 	1623 	9164 	0.542760203572 	0.153806047967
ProteinClusters 	31.32 	599 	0 	1918 	19443 	0.0298872368027 	0.0
ProteinClusters 	17.64 	1175 	6 	1912 	18867 	0.0586268835446 	0.00312825860271
ProteinClusters 	0.36 	19944 	1918 	0 	98 	0.995110268436 	1.0
ProteinClusters 	3.24 	9531 	184 	1734 	10511 	0.475551342181 	0.0959332638165
ProteinClusters 	24.84 	599 	0 	1918 	19443 	0.0298872368027 	0.0
ProteinClusters 	3.96 	9531 	184 	1734 	10511 	0.475551342181 	0.0959332638165
ProteinClusters 	2.52 	10339 	246 	1672 	9703 	0.515866679972 	0.128258602711
ProteinClusters 	18.36 	903 	5 	1913 	19139 	0.0450553836942 	0.00260688216893
ProteinClusters 	11.52 	2882 	28 	1890 	17160 	0.143798024149 	0.014598540146
ProteinClusters 	0.72 	19944 	1918 	0 	98 	0.995110268436 	1.0
ProteinClusters 	6.48 	6650 	95 	1823 	13392 	0.331803213252 	0.0495307612096
ProteinClusters 	6.12 	6650 	95 	1823 	13392 	0.331803213252 	0.0495307612096
ProteinClusters 	19.08 	903 	4 	1914 	19139 	0.0450553836942 	0.00208550573514
ProteinClusters 	32.4 	225 	0 	1918 	19817 	0.0112264245085 	0.0
ProteinClusters 	3.6 	9531 	184 	1734 	10511 	0.475551342181 	0.0959332638165
ProteinClusters 	24.12 	599 	0 	1918 	19443 	0.0298872368027 	0.0
ProteinClusters 	33.12 	225 	0 	1918 	19817 	0.0112264245085 	0.0
ProteinClusters 	34.92 	210 	0 	1918 	19832 	0.010477996208 	0.0
ProteinClusters 	7.56 	6036 	80 	1838 	14006 	0.301167548149 	0.0417101147028
ProteinClusters 	19.44 	903 	4 	1914 	19139 	0.0450553836942 	0.00208550573514
ProteinClusters 	24.48 	599 	0 	1918 	19443 	0.0298872368027 	0.0
ProteinClusters 	15.84 	1430 	10 	1908 	18612 	0.0713501646542 	0.00521376433785
ProteinClusters 	21.96 	781 	3 	1915 	19261 	0.0389681668496 	0.00156412930136
ProteinClusters 	23.76 	599 	0 	1918 	19443 	0.0298872368027 	0.0
ProteinClusters 	2.16 	10339 	246 	1672 	9703 	0.515866679972 	0.128258602711
ProteinClusters 	5.76 	7526 	117 	1801 	12516 	0.375511426005 	0.0610010427529
ProteinClusters 	33.84 	225 	0 	1918 	19817 	0.0112264245085 	0.0
ProteinClusters 	33.48 	225 	0 	1918 	19817 	0.0112264245085 	0.0
ProteinClusters 	35.64 	165 	0 	1918 	19877 	0.00823271130626 	0.0
ProteinClusters 	22.68 	776 	0 	1918 	19266 	0.0387186907494 	0.0
ProteinClusters 	12.6 	2451 	22 	1896 	17591 	0.122293184313 	0.0114702815433
ProteinClusters 	14.04 	1520 	14 	1904 	18522 	0.0758407344576 	0.00729927007299
ProteinClusters 	31.68 	599 	0 	1918 	19443 	0.0298872368027 	0.0
ProteinClusters 	28.8 	599 	0 	1918 	19443 	0.0298872368027 	0.0
ProteinClusters 	4.32 	8617 	151 	1767 	11425 	0.429947111067 	0.0787278415016
ProteinClusters 	16.56 	1359 	8 	1910 	18683 	0.0678076040315 	0.00417101147028
ProteinClusters 	23.4 	599 	0 	1918 	19443 	0.0298872368027 	0.0
ProteinClusters 	32.04 	225 	0 	1918 	19817 	0.0112264245085 	0.0
ProteinClusters 	16.92 	1359 	8 	1910 	18683 	0.0678076040315 	0.00417101147028
ProteinClusters 	27.72 	599 	0 	1918 	19443 	0.0298872368027 	0.0
ProteinClusters 	23.04 	599 	0 	1918 	19443 	0.0298872368027 	0.0
ProteinClusters 	1.44 	10878 	295 	1623 	9164 	0.542760203572 	0.153806047967
ProteinClusters 	1.08 	10878 	295 	1623 	9164 	0.542760203572 	0.153806047967
ProteinClusters 	5.04 	7526 	117 	1801 	12516 	0.375511426005 	0.0610010427529
ProteinClusters 	17.28 	1175 	6 	1912 	18867 	0.0586268835446 	0.00312825860271
ProteinClusters 	25.56 	599 	0 	1918 	19443 	0.0298872368027 	0.0
ProteinClusters 	13.68 	1917 	19 	1899 	18125 	0.0956491368127 	0.00990615224192
ProteinClusters 	8.64 	5237 	54 	1864 	14805 	0.261301267339 	0.0281543274244
ProteinClusters 	7.92 	6036 	80 	1838 	14006 	0.301167548149 	0.0417101147028
ProteinClusters 	10.08 	3445 	41 	1877 	16597 	0.171889033031 	0.0213764337852
ProteinClusters 	34.56 	210 	0 	1918 	19832 	0.010477996208 	0.0
ProteinClusters 	26.64 	599 	0 	1918 	19443 	0.0298872368027 	0.0
ClusterEvidence 	0 	10940 	297 	1621 	9102 	0.545853707215 	0.154848800834
ClusterEvidence 	1 	7315 	221 	1697 	12727 	0.364983534577 	0.115224191867
ClusterEvidence 	2 	4819 	136 	1782 	15223 	0.240445065363 	0.0709071949948
ClusterEvidence 	3 	3460 	100 	1818 	16582 	0.172637461331 	0.0521376433785
ClusterEvidence 	4 	2603 	73 	1845 	17439 	0.129877257759 	0.0380604796663
ClusterEvidence 	5 	1996 	58 	1860 	18046 	0.0995908591957 	0.0302398331595
ClusterEvidence 	6 	1505 	46 	1872 	18537 	0.0750923061571 	0.0239833159541
ClusterEvidence 	7 	1200 	34 	1884 	18842 	0.0598742640455 	0.0177267987487
ClusterEvidence 	8 	982 	27 	1891 	19060 	0.0489971060772 	0.0140771637122
ClusterEvidence 	9 	818 	24 	1894 	19224 	0.040814289991 	0.0125130344108
ClusterEvidence 	10 	674 	18 	1900 	19368 	0.0336293783056 	0.00938477580813
ClusterEvidence 	11 	584 	17 	1901 	19458 	0.0291388085021 	0.00886339937435
ClusterEvidence 	12 	458 	17 	1901 	19584 	0.0228520107774 	0.00886339937435
ClusterEvidence 	13 	396 	13 	1905 	19646 	0.019758507135 	0.00677789363921
ClusterEvidence 	14 	345 	11 	1907 	19697 	0.0172138509131 	0.00573514077164
ClusterEvidence 	15 	283 	11 	1907 	19759 	0.0141203472707 	0.00573514077164
ClusterEvidence 	16 	232 	11 	1907 	19810 	0.0115756910488 	0.00573514077164
ClusterEvidence 	17 	185 	10 	1908 	19857 	0.00923061570702 	0.00521376433785
ClusterEvidence 	18 	137 	10 	1908 	19905 	0.0068356451452 	0.00521376433785
ClusterEvidence 	19 	124 	10 	1908 	19918 	0.0061870072847 	0.00521376433785
ClusterEvidence 	20 	106 	6 	1912 	19936 	0.00528889332402 	0.00312825860271
ClusterEvidence 	21 	72 	5 	1913 	19970 	0.00359245584273 	0.00260688216893
ClusterEvidence 	22 	70 	4 	1914 	19972 	0.00349266540265 	0.00208550573514
ClusterEvidence 	23 	61 	2 	1916 	19981 	0.00304360842231 	0.00104275286757
ClusterEvidence 	24 	61 	1 	1917 	19981 	0.00304360842231 	0.000521376433785
ClusterEvidence 	25 	60 	1 	1917 	19982 	0.00299371320228 	0.000521376433785
ClusterEvidence 	26 	57 	0 	1918 	19985 	0.00284402754216 	0.0
ClusterEvidence 	27 	57 	0 	1918 	19985 	0.00284402754216 	0.0
ClusterEvidence 	28 	56 	0 	1918 	19986 	0.00279413232212 	0.0
ClusterEvidence 	29 	44 	0 	1918 	19998 	0.00219538968167 	0.0
ClusterEvidence 	30 	40 	0 	1918 	20002 	0.00199580880152 	0.0
ClusterEvidence 	31 	33 	0 	1918 	20009 	0.00164654226125 	0.0
ClusterEvidence 	32 	30 	0 	1918 	20012 	0.00149685660114 	0.0
ClusterEvidence 	33 	27 	0 	1918 	20015 	0.00134717094102 	0.0
ClusterEvidence 	34 	19 	0 	1918 	20023 	0.00094800918072 	0.0
ClusterEvidence 	35 	19 	0 	1918 	20023 	0.00094800918072 	0.0
ClusterEvidence 	36 	19 	0 	1918 	20023 	0.00094800918072 	0.0
ClusterEvidence 	37 	14 	0 	1918 	20028 	0.000698533080531 	0.0
ClusterEvidence 	38 	12 	0 	1918 	20030 	0.000598742640455 	0.0
ClusterEvidence 	39 	11 	0 	1918 	20031 	0.000548847420417 	0.0
ClusterEvidence 	40 	11 	0 	1918 	20031 	0.000548847420417 	0.0
ClusterEvidence 	41 	11 	0 	1918 	20031 	0.000548847420417 	0.0
ClusterEvidence 	42 	11 	0 	1918 	20031 	0.000548847420417 	0.0
ClusterEvidence 	43 	11 	0 	1918 	20031 	0.000548847420417 	0.0
ClusterEvidence 	44 	11 	0 	1918 	20031 	0.000548847420417 	0.0
ClusterEvidence 	45 	11 	0 	1918 	20031 	0.000548847420417 	0.0
ClusterEvidence 	46 	11 	0 	1918 	20031 	0.000548847420417 	0.0
ClusterEvidence 	47 	11 	0 	1918 	20031 	0.000548847420417 	0.0
ClusterEvidence 	48 	11 	0 	1918 	20031 	0.000548847420417 	0.0
ClusterEvidence 	49 	10 	0 	1918 	20032 	0.000498952200379 	0.0
ClusterEvidence 	50 	8 	0 	1918 	20034 	0.000399161760303 	0.0
ClusterEvidence 	51 	6 	0 	1918 	20036 	0.000299371320228 	0.0
ClusterEvidence 	52 	6 	0 	1918 	20036 	0.000299371320228 	0.0
ClusterEvidence 	53 	5 	0 	1918 	20037 	0.00024947610019 	0.0
ClusterEvidence 	54 	5 	0 	1918 	20037 	0.00024947610019 	0.0
ClusterEvidence 	55 	5 	0 	1918 	20037 	0.00024947610019 	0.0
ClusterEvidence 	56 	3 	0 	1918 	20039 	0.000149685660114 	0.0
ClusterEvidence 	57 	3 	0 	1918 	20039 	0.000149685660114 	0.0
ClusterEvidence 	58 	3 	0 	1918 	20039 	0.000149685660114 	0.0
ClusterEvidence 	59 	3 	0 	1918 	20039 	0.000149685660114 	0.0
ClusterEvidence 	60 	3 	0 	1918 	20039 	0.000149685660114 	0.0
ClusterEvidence 	61 	3 	0 	1918 	20039 	0.000149685660114 	0.0
ClusterEvidence 	62 	3 	0 	1918 	20039 	0.000149685660114 	0.0
ClusterEvidence 	63 	3 	0 	1918 	20039 	0.000149685660114 	0.0
ClusterEvidence 	64 	3 	0 	1918 	20039 	0.000149685660114 	0.0
ClusterEvidence 	65 	3 	0 	1918 	20039 	0.000149685660114 	0.0
ClusterEvidence 	66 	3 	0 	1918 	20039 	0.000149685660114 	0.0
ClusterEvidence 	67 	3 	0 	1918 	20039 	0.000149685660114 	0.0
ClusterEvidence 	68 	1 	0 	1918 	20041 	4.98952200379e-05 	0.0
ClusterEvidence 	69 	1 	0 	1918 	20041 	4.98952200379e-05 	0.0
ClusterEvidence 	70 	0 	0 	1918 	20042 	0.0 	0.0
ClusterEvidence 	71 	0 	0 	1918 	20042 	0.0 	0.0
ClusterEvidence 	72 	0 	0 	1918 	20042 	0.0 	0.0
ClusterEvidence 	73 	0 	0 	1918 	20042 	0.0 	0.0
ClusterEvidence 	74 	0 	0 	1918 	20042 	0.0 	0.0
ClusterEvidence 	75 	0 	0 	1918 	20042 	0.0 	0.0
ClusterEvidence 	76 	0 	0 	1918 	20042 	0.0 	0.0
ClusterEvidence 	77 	0 	0 	1918 	20042 	0.0 	0.0
ClusterEvidence 	78 	0 	0 	1918 	20042 	0.0 	0.0
ClusterEvidence 	79 	0 	0 	1918 	20042 	0.0 	0.0
ClusterEvidence 	80 	0 	0 	1918 	20042 	0.0 	0.0
ClusterEvidence 	81 	0 	0 	1918 	20042 	0.0 	0.0
ClusterEvidence 	82 	0 	0 	1918 	20042 	0.0 	0.0
ClusterEvidence 	83 	0 	0 	1918 	20042 	0.0 	0.0
ClusterEvidence 	84 	0 	0 	1918 	20042 	0.0 	0.0
ClusterEvidence 	85 	0 	0 	1918 	20042 	0.0 	0.0
ClusterEvidence 	86 	0 	0 	1918 	20042 	0.0 	0.0
ClusterEvidence 	87 	0 	0 	1918 	20042 	0.0 	0.0
ClusterEvidence 	88 	0 	0 	1918 	20042 	0.0 	0.0
ClusterEvidence 	89 	0 	0 	1918 	20042 	0.0 	0.0
ClusterEvidence 	90 	0 	0 	1918 	20042 	0.0 	0.0
ClusterEvidence 	91 	0 	0 	1918 	20042 	0.0 	0.0
ClusterEvidence 	92 	0 	0 	1918 	20042 	0.0 	0.0
ClusterEvidence 	93 	0 	0 	1918 	20042 	0.0 	0.0
ClusterEvidence 	94 	0 	0 	1918 	20042 	0.0 	0.0
ClusterEvidence 	95 	0 	0 	1918 	20042 	0.0 	0.0
ClusterEvidence 	96 	0 	0 	1918 	20042 	0.0 	0.0
ClusterEvidence 	97 	0 	0 	1918 	20042 	0.0 	0.0
ClusterEvidence 	98 	0 	0 	1918 	20042 	0.0 	0.0
ClusterEvidence 	99 	0 	0 	1918 	20042 	0.0 	0.0
ClusterEvidence 	100 	0 	0 	1918 	20042 	0.0 	0.0
TypeIdentity 	0 	0 	0 	0 	0 	0.0 	0.0
TypeIdentity 	0 	0 	0 	0 	0 	1.0 	1.0
Clustermembers 	0 	0 	0 	0 	0 	0.0 	0.0
Clustermembers 	0 	0 	0 	0 	0 	1.0 	1.0
TotalEvidence 	0 	0 	0 	0 	0 	0.0 	0.0
TotalEvidence 	0 	0 	0 	0 	0 	1.0 	1.0
ProteinClusters 	0 	0 	0 	0 	0 	0.0 	0.0
ProteinClusters 	0 	0 	0 	0 	0 	1.0 	1.0
SeqIdentity 	0 	0 	0 	0 	0 	0.0 	0.0
SeqIdentity 	0 	0 	0 	0 	0 	1.0 	1.0
ClusterEvidence 	0 	0 	0 	0 	0 	0.0 	0.0
ClusterEvidence 	0 	0 	0 	0 	0 	1.0 	1.0
Mutscore 	0 	0 	0 	0 	0 	0.0 	0.0
Mutscore 	0 	0 	0 	0 	0 	1.0 	1.0
