Category 	Threshold 	TP 	FP 	TN 	FN 	TPR 	FPR
SeqIdentity 	0.0 	23498 	2335 	0 	0 	0.995720157634 	1.0
SeqIdentity 	1.0 	23498 	2312 	23 	0 	0.995720157634 	0.990149892934
SeqIdentity 	2.0 	23487 	2288 	47 	11 	0.995254036188 	0.979871520343
SeqIdentity 	3.0 	23431 	2245 	90 	67 	0.992881054282 	0.961456102784
SeqIdentity 	4.0 	23364 	2139 	196 	134 	0.99004195093 	0.916059957173
SeqIdentity 	5.0 	23156 	1975 	360 	342 	0.981228018136 	0.845824411135
SeqIdentity 	6.0 	23026 	1808 	527 	472 	0.97571931014 	0.774304068522
SeqIdentity 	7.0 	22956 	1726 	609 	542 	0.972753082758 	0.739186295503
SeqIdentity 	8.0 	22901 	1628 	707 	597 	0.970422475529 	0.69721627409
SeqIdentity 	9.0 	22803 	1555 	780 	695 	0.966269757193 	0.665952890792
SeqIdentity 	10.0 	22727 	1486 	849 	771 	0.963049281749 	0.636402569593
SeqIdentity 	11.0 	22650 	1391 	944 	848 	0.959786431628 	0.595717344754
SeqIdentity 	12.0 	22577 	1322 	1013 	921 	0.956693080215 	0.566167023555
SeqIdentity 	13.0 	22501 	1275 	1060 	997 	0.953472604771 	0.546038543897
SeqIdentity 	14.0 	22464 	1248 	1087 	1034 	0.951904741726 	0.534475374732
SeqIdentity 	15.0 	22411 	1193 	1142 	1087 	0.949658883851 	0.510920770878
SeqIdentity 	16.0 	22351 	1163 	1172 	1147 	0.947116403237 	0.498072805139
SeqIdentity 	17.0 	22257 	1094 	1241 	1241 	0.943133183609 	0.46852248394
SeqIdentity 	18.0 	22217 	1068 	1267 	1281 	0.941438196534 	0.4573875803
SeqIdentity 	19.0 	22158 	1037 	1298 	1340 	0.938938090597 	0.444111349036
SeqIdentity 	20.0 	22130 	1020 	1315 	1368 	0.937751599644 	0.436830835118
SeqIdentity 	21.0 	22024 	948 	1387 	1474 	0.933259883893 	0.405995717345
SeqIdentity 	22.0 	21959 	924 	1411 	1539 	0.930505529895 	0.395717344754
SeqIdentity 	23.0 	21893 	892 	1443 	1605 	0.92770880122 	0.382012847966
SeqIdentity 	24.0 	21827 	862 	1473 	1671 	0.924912072545 	0.369164882227
SeqIdentity 	25.0 	21801 	854 	1481 	1697 	0.923810330946 	0.36573875803
SeqIdentity 	26.0 	21648 	794 	1541 	1850 	0.917327005382 	0.340042826552
SeqIdentity 	27.0 	21552 	767 	1568 	1946 	0.9132590364 	0.328479657388
SeqIdentity 	28.0 	21479 	740 	1595 	2019 	0.910165684987 	0.316916488223
SeqIdentity 	29.0 	21394 	721 	1614 	2104 	0.906563837451 	0.308779443255
SeqIdentity 	30.0 	21354 	710 	1625 	2144 	0.904868850375 	0.304068522484
SeqIdentity 	31.0 	21216 	685 	1650 	2282 	0.899021144964 	0.293361884368
SeqIdentity 	32.0 	21138 	673 	1662 	2360 	0.895715920166 	0.288222698073
SeqIdentity 	33.0 	21116 	669 	1666 	2382 	0.894783677274 	0.286509635974
SeqIdentity 	34.0 	20930 	619 	1716 	2568 	0.886901987372 	0.265096359743
SeqIdentity 	35.0 	20878 	613 	1722 	2620 	0.884698504174 	0.262526766595
SeqIdentity 	36.0 	20783 	595 	1740 	2715 	0.880672909869 	0.254817987152
SeqIdentity 	37.0 	20675 	573 	1762 	2823 	0.876096444765 	0.24539614561
SeqIdentity 	38.0 	20585 	563 	1772 	2913 	0.872282723844 	0.241113490364
SeqIdentity 	39.0 	20489 	552 	1783 	3009 	0.868214754862 	0.236402569593
SeqIdentity 	40.0 	20465 	551 	1784 	3033 	0.867197762617 	0.235974304069
SeqIdentity 	41.0 	20292 	521 	1814 	3206 	0.859866943515 	0.22312633833
SeqIdentity 	42.0 	20155 	505 	1830 	3343 	0.85406161278 	0.216274089936
SeqIdentity 	43.0 	20019 	488 	1847 	3479 	0.848298656723 	0.208993576017
SeqIdentity 	44.0 	19967 	475 	1860 	3531 	0.846095173524 	0.203426124197
SeqIdentity 	45.0 	19867 	468 	1867 	3631 	0.841857705835 	0.200428265525
SeqIdentity 	46.0 	19737 	457 	1878 	3761 	0.836348997839 	0.195717344754
SeqIdentity 	47.0 	19621 	437 	1898 	3877 	0.831433535319 	0.187152034261
SeqIdentity 	48.0 	19520 	428 	1907 	3978 	0.827153692953 	0.18329764454
SeqIdentity 	49.0 	19472 	426 	1909 	4026 	0.825119708462 	0.18244111349
SeqIdentity 	50.0 	19469 	426 	1909 	4029 	0.824992584432 	0.18244111349
SeqIdentity 	51.0 	19032 	377 	1958 	4466 	0.806474850629 	0.161456102784
SeqIdentity 	52.0 	18999 	374 	1961 	4499 	0.805076486292 	0.16017130621
SeqIdentity 	53.0 	18873 	363 	1972 	4625 	0.799737277003 	0.155460385439
SeqIdentity 	54.0 	18706 	357 	1978 	4792 	0.792660705962 	0.152890792291
SeqIdentity 	55.0 	18603 	351 	1984 	4895 	0.788296114242 	0.150321199143
SeqIdentity 	56.0 	18473 	339 	1996 	5025 	0.782787406246 	0.145182012848
SeqIdentity 	57.0 	18362 	332 	2003 	5136 	0.778083817111 	0.142184154176
SeqIdentity 	58.0 	18172 	323 	2012 	5326 	0.770032628501 	0.138329764454
SeqIdentity 	59.0 	17980 	315 	2020 	5518 	0.761896690538 	0.134903640257
SeqIdentity 	60.0 	17922 	310 	2025 	5576 	0.759438959278 	0.132762312634
SeqIdentity 	61.0 	17656 	286 	2049 	5842 	0.748167295224 	0.122483940043
SeqIdentity 	62.0 	17492 	277 	2058 	6006 	0.741217848214 	0.118629550321
SeqIdentity 	63.0 	17306 	265 	2070 	6192 	0.733336158312 	0.113490364026
SeqIdentity 	64.0 	17182 	254 	2081 	6316 	0.728081698377 	0.108779443255
SeqIdentity 	65.0 	16979 	250 	2085 	6519 	0.719479638968 	0.107066381156
SeqIdentity 	66.0 	16855 	246 	2089 	6643 	0.714225179033 	0.105353319058
SeqIdentity 	67.0 	16477 	215 	2120 	7021 	0.698207551167 	0.0920770877944
SeqIdentity 	68.0 	16461 	215 	2120 	7037 	0.697529556337 	0.0920770877944
SeqIdentity 	69.0 	16212 	208 	2127 	7286 	0.686978261791 	0.0890792291221
SeqIdentity 	70.0 	16097 	205 	2130 	7401 	0.682105173948 	0.0877944325482
SeqIdentity 	71.0 	15831 	190 	2145 	7667 	0.670833509894 	0.0813704496788
SeqIdentity 	72.0 	15643 	176 	2159 	7855 	0.662867070639 	0.075374732334
SeqIdentity 	73.0 	15433 	162 	2173 	8065 	0.653968388491 	0.0693790149893
SeqIdentity 	74.0 	15232 	159 	2176 	8266 	0.645451078436 	0.0680942184154
SeqIdentity 	75.0 	15203 	157 	2178 	8295 	0.644222212806 	0.0672376873662
SeqIdentity 	76.0 	14783 	143 	2192 	8715 	0.626424848511 	0.0612419700214
SeqIdentity 	77.0 	14423 	134 	2201 	9075 	0.611169964829 	0.0573875802998
SeqIdentity 	78.0 	14253 	131 	2204 	9245 	0.603966269757 	0.0561027837259
SeqIdentity 	79.0 	14029 	118 	2217 	9469 	0.594474342133 	0.0505353319058
SeqIdentity 	80.0 	13981 	118 	2217 	9517 	0.592440357642 	0.0505353319058
SeqIdentity 	81.0 	13394 	112 	2223 	10104 	0.567566422306 	0.047965738758
SeqIdentity 	82.0 	13123 	108 	2227 	10375 	0.556082884868 	0.0462526766595
SeqIdentity 	83.0 	12957 	105 	2230 	10541 	0.549048688504 	0.0449678800857
SeqIdentity 	84.0 	12564 	98 	2237 	10934 	0.532395440485 	0.0419700214133
SeqIdentity 	85.0 	12258 	94 	2241 	11240 	0.519428789355 	0.0402569593148
SeqIdentity 	86.0 	11873 	89 	2246 	11625 	0.503114538752 	0.0381156316916
SeqIdentity 	87.0 	11559 	86 	2249 	11939 	0.489808890207 	0.0368308351178
SeqIdentity 	88.0 	11239 	76 	2259 	12259 	0.476248993601 	0.0325481798715
SeqIdentity 	89.0 	10800 	67 	2268 	12698 	0.457646510445 	0.0286937901499
SeqIdentity 	90.0 	10628 	66 	2269 	12870 	0.45035806602 	0.0282655246253
SeqIdentity 	91.0 	9710 	57 	2278 	13788 	0.411458112632 	0.0244111349036
SeqIdentity 	92.0 	9294 	53 	2282 	14204 	0.393830247044 	0.0226980728051
SeqIdentity 	93.0 	8567 	50 	2285 	14931 	0.363023856943 	0.0214132762313
SeqIdentity 	94.0 	8043 	46 	2289 	15455 	0.340819526251 	0.0197002141328
SeqIdentity 	95.0 	7417 	42 	2293 	16081 	0.314292978516 	0.0179871520343
SeqIdentity 	96.0 	6527 	41 	2294 	16971 	0.276579516081 	0.0175588865096
SeqIdentity 	97.0 	6031 	37 	2298 	17467 	0.255561676342 	0.0158458244111
SeqIdentity 	98.0 	5960 	37 	2298 	17538 	0.252553074283 	0.0158458244111
SeqIdentity 	99.0 	5943 	37 	2298 	17555 	0.251832704776 	0.0158458244111
SeqIdentity 	100.0 	5943 	37 	2298 	17555 	0.251832704776 	0.0158458244111
TypeIdentity 	0.0 	23599 	2335 	0 	0 	1.0 	1.0
TypeIdentity 	1.0 	23599 	2328 	7 	0 	1.0 	0.997002141328
TypeIdentity 	2.0 	23592 	2316 	19 	7 	0.999703377262 	0.991862955032
TypeIdentity 	3.0 	23567 	2292 	43 	32 	0.998644010339 	0.981584582441
TypeIdentity 	4.0 	23539 	2239 	96 	60 	0.997457519386 	0.958886509636
TypeIdentity 	5.0 	23420 	2173 	162 	179 	0.992414932836 	0.930620985011
TypeIdentity 	6.0 	23358 	2098 	237 	241 	0.989787702869 	0.898501070664
TypeIdentity 	7.0 	23319 	2060 	275 	280 	0.98813509047 	0.882226980728
TypeIdentity 	8.0 	23297 	1996 	339 	302 	0.987202847578 	0.854817987152
TypeIdentity 	9.0 	23249 	1945 	390 	350 	0.985168863087 	0.832976445396
TypeIdentity 	10.0 	23197 	1902 	433 	402 	0.982965379889 	0.814561027837
TypeIdentity 	11.0 	23152 	1849 	486 	447 	0.981058519429 	0.791862955032
TypeIdentity 	12.0 	23108 	1798 	537 	491 	0.979194033645 	0.770021413276
TypeIdentity 	13.0 	23049 	1763 	572 	550 	0.976693927709 	0.755032119914
TypeIdentity 	14.0 	23022 	1739 	596 	577 	0.975549811433 	0.744753747323
TypeIdentity 	15.0 	22995 	1701 	634 	604 	0.974405695157 	0.728479657388
TypeIdentity 	16.0 	22971 	1670 	665 	628 	0.973388702911 	0.715203426124
TypeIdentity 	17.0 	22918 	1618 	717 	681 	0.971142845036 	0.692933618844
TypeIdentity 	18.0 	22895 	1593 	742 	704 	0.970168227467 	0.682226980728
TypeIdentity 	19.0 	22866 	1569 	766 	733 	0.968939361837 	0.671948608137
TypeIdentity 	20.0 	22850 	1552 	783 	749 	0.968261367007 	0.664668094218
TypeIdentity 	21.0 	22796 	1490 	845 	803 	0.965973134455 	0.638115631692
TypeIdentity 	22.0 	22754 	1468 	867 	845 	0.964193398025 	0.62869379015
TypeIdentity 	23.0 	22721 	1444 	891 	878 	0.962795033688 	0.618415417559
TypeIdentity 	24.0 	22686 	1411 	924 	913 	0.961311919997 	0.604282655246
TypeIdentity 	25.0 	22668 	1399 	936 	931 	0.960549175813 	0.599143468951
TypeIdentity 	26.0 	22593 	1350 	985 	1006 	0.957371075046 	0.578158458244
TypeIdentity 	27.0 	22542 	1317 	1018 	1057 	0.955209966524 	0.564025695931
TypeIdentity 	28.0 	22508 	1291 	1044 	1091 	0.95376922751 	0.552890792291
TypeIdentity 	29.0 	22453 	1257 	1078 	1146 	0.951438620281 	0.538329764454
TypeIdentity 	30.0 	22428 	1237 	1098 	1171 	0.950379253358 	0.529764453961
TypeIdentity 	31.0 	22358 	1204 	1131 	1241 	0.947413025976 	0.515631691649
TypeIdentity 	32.0 	22315 	1190 	1145 	1284 	0.945590914869 	0.509635974304
TypeIdentity 	33.0 	22300 	1185 	1150 	1299 	0.944955294716 	0.507494646681
TypeIdentity 	34.0 	22189 	1136 	1199 	1410 	0.940251705581 	0.486509635974
TypeIdentity 	35.0 	22159 	1131 	1204 	1440 	0.938980465274 	0.484368308351
TypeIdentity 	36.0 	22091 	1105 	1230 	1508 	0.936098987245 	0.473233404711
TypeIdentity 	37.0 	22041 	1079 	1256 	1558 	0.933980253401 	0.462098501071
TypeIdentity 	38.0 	21993 	1058 	1277 	1606 	0.93194626891 	0.453104925054
TypeIdentity 	39.0 	21931 	1047 	1288 	1668 	0.929319038942 	0.448394004283
TypeIdentity 	40.0 	21916 	1042 	1293 	1683 	0.928683418789 	0.44625267666
TypeIdentity 	41.0 	21803 	1001 	1334 	1796 	0.9238950803 	0.42869379015
TypeIdentity 	42.0 	21733 	984 	1351 	1866 	0.920928852917 	0.421413276231
TypeIdentity 	43.0 	21642 	965 	1370 	1957 	0.91707275732 	0.413276231263
TypeIdentity 	44.0 	21610 	959 	1376 	1989 	0.91571676766 	0.410706638116
TypeIdentity 	45.0 	21548 	947 	1388 	2051 	0.913089537692 	0.40556745182
TypeIdentity 	46.0 	21460 	929 	1406 	2139 	0.909360566126 	0.397858672377
TypeIdentity 	47.0 	21388 	912 	1423 	2211 	0.906309589389 	0.390578158458
TypeIdentity 	48.0 	21325 	895 	1440 	2274 	0.903639984745 	0.38329764454
TypeIdentity 	49.0 	21290 	889 	1446 	2309 	0.902156871054 	0.380728051392
TypeIdentity 	50.0 	21286 	889 	1446 	2313 	0.901987372346 	0.380728051392
TypeIdentity 	51.0 	20972 	820 	1515 	2627 	0.888681723802 	0.351177730193
TypeIdentity 	52.0 	20947 	816 	1519 	2652 	0.88762235688 	0.349464668094
TypeIdentity 	53.0 	20857 	803 	1532 	2742 	0.883808635959 	0.343897216274
TypeIdentity 	54.0 	20747 	791 	1544 	2852 	0.879147421501 	0.338758029979
TypeIdentity 	55.0 	20686 	782 	1553 	2913 	0.87656256621 	0.334903640257
TypeIdentity 	56.0 	20604 	767 	1568 	2995 	0.873087842705 	0.328479657388
TypeIdentity 	57.0 	20526 	763 	1572 	3073 	0.869782617908 	0.326766595289
TypeIdentity 	58.0 	20403 	747 	1588 	3196 	0.86457053265 	0.319914346895
TypeIdentity 	59.0 	20260 	736 	1599 	3339 	0.858510953854 	0.315203426124
TypeIdentity 	60.0 	20218 	732 	1603 	3381 	0.856731217424 	0.313490364026
TypeIdentity 	61.0 	20047 	690 	1645 	3552 	0.849485147676 	0.295503211991
TypeIdentity 	62.0 	19923 	682 	1653 	3676 	0.844230687741 	0.292077087794
TypeIdentity 	63.0 	19794 	666 	1669 	3805 	0.838764354422 	0.2852248394
TypeIdentity 	64.0 	19691 	645 	1690 	3908 	0.834399762702 	0.276231263383
TypeIdentity 	65.0 	19510 	636 	1699 	4089 	0.826729946184 	0.272376873662
TypeIdentity 	66.0 	19409 	630 	1705 	4190 	0.822450103818 	0.269807280514
TypeIdentity 	67.0 	19092 	584 	1751 	4507 	0.809017331243 	0.250107066381
TypeIdentity 	68.0 	19076 	582 	1753 	4523 	0.808339336413 	0.249250535332
TypeIdentity 	69.0 	18888 	574 	1761 	4711 	0.800372897157 	0.245824411135
TypeIdentity 	70.0 	18817 	565 	1770 	4782 	0.797364295097 	0.241970021413
TypeIdentity 	71.0 	18604 	542 	1793 	4995 	0.788338488919 	0.232119914347
TypeIdentity 	72.0 	18450 	526 	1809 	5149 	0.781812788677 	0.225267665953
TypeIdentity 	73.0 	18286 	505 	1830 	5313 	0.774863341667 	0.216274089936
TypeIdentity 	74.0 	18117 	491 	1844 	5482 	0.767702021272 	0.210278372591
TypeIdentity 	75.0 	18097 	490 	1845 	5502 	0.766854527734 	0.209850107066
TypeIdentity 	76.0 	17723 	467 	1868 	5876 	0.751006398576 	0.2
TypeIdentity 	77.0 	17414 	444 	1891 	6185 	0.737912623416 	0.190149892934
TypeIdentity 	78.0 	17266 	429 	1906 	6333 	0.731641171236 	0.183725910064
TypeIdentity 	79.0 	17036 	414 	1921 	6563 	0.721894995551 	0.177301927195
TypeIdentity 	80.0 	16987 	407 	1928 	6612 	0.719818636383 	0.174304068522
TypeIdentity 	81.0 	16427 	380 	1955 	7172 	0.696088817323 	0.162740899358
TypeIdentity 	82.0 	16179 	372 	1963 	7420 	0.685579897453 	0.159314775161
TypeIdentity 	83.0 	16036 	354 	1981 	7563 	0.679520318658 	0.151605995717
TypeIdentity 	84.0 	15642 	334 	2001 	7957 	0.662824695962 	0.143040685225
TypeIdentity 	85.0 	15362 	320 	2015 	8237 	0.650959786432 	0.13704496788
TypeIdentity 	86.0 	14989 	303 	2032 	8610 	0.635154031951 	0.129764453961
TypeIdentity 	87.0 	14646 	292 	2043 	8953 	0.620619517776 	0.125053533191
TypeIdentity 	88.0 	14310 	275 	2060 	9289 	0.60638162634 	0.117773019272
TypeIdentity 	89.0 	13823 	256 	2079 	9776 	0.585745158693 	0.109635974304
TypeIdentity 	90.0 	13646 	253 	2082 	9953 	0.578244840883 	0.10835117773
TypeIdentity 	91.0 	12635 	228 	2107 	10964 	0.535404042544 	0.0976445396146
TypeIdentity 	92.0 	12170 	217 	2118 	11429 	0.515699817789 	0.0929336188437
TypeIdentity 	93.0 	11310 	200 	2135 	12289 	0.479257595661 	0.0856531049251
TypeIdentity 	94.0 	10680 	187 	2148 	12919 	0.452561549218 	0.0800856531049
TypeIdentity 	95.0 	9952 	173 	2162 	13647 	0.42171278444 	0.0740899357602
TypeIdentity 	96.0 	8805 	161 	2174 	14794 	0.373109030044 	0.0689507494647
TypeIdentity 	97.0 	8093 	147 	2188 	15506 	0.342938260096 	0.0629550321199
TypeIdentity 	98.0 	7962 	141 	2194 	15637 	0.337387177423 	0.0603854389722
TypeIdentity 	99.0 	7924 	141 	2194 	15675 	0.335776939701 	0.0603854389722
TypeIdentity 	100.0 	7924 	138 	2197 	15675 	0.335776939701 	0.0591006423983
ProteinClusters 	0.0 	24220 	3564 	0 	0 	1.0 	1.0
ProteinClusters 	9.0 	2933 	17 	3547 	21287 	0.121098265896 	0.00476992143659
ProteinClusters 	29.16 	0 	0 	3564 	24220 	0.0 	0.0
ProteinClusters 	18.0 	873 	3 	3561 	23347 	0.0360445912469 	0.000841750841751
ProteinClusters 	11.16 	1672 	5 	3559 	22548 	0.0690338563171 	0.00140291806958
ProteinClusters 	9.36 	2287 	10 	3554 	21933 	0.0944260941371 	0.00280583613917
ProteinClusters 	27.36 	275 	0 	3564 	23945 	0.0113542526837 	0.0
ProteinClusters 	14.76 	946 	4 	3560 	23274 	0.039058629232 	0.00112233445567
ProteinClusters 	27.0 	275 	0 	3564 	23945 	0.0113542526837 	0.0
ProteinClusters 	35.28 	0 	0 	3564 	24220 	0.0 	0.0
ProteinClusters 	36.0 	0 	0 	3564 	24220 	0.0 	0.0
ProteinClusters 	18.72 	873 	3 	3561 	23347 	0.0360445912469 	0.000841750841751
ProteinClusters 	13.32 	1113 	4 	3560 	23107 	0.0459537572254 	0.00112233445567
ProteinClusters 	9.72 	2287 	10 	3554 	21933 	0.0944260941371 	0.00280583613917
ProteinClusters 	28.08 	275 	0 	3564 	23945 	0.0113542526837 	0.0
ProteinClusters 	20.16 	755 	3 	3561 	23465 	0.0311725846408 	0.000841750841751
ProteinClusters 	28.44 	275 	0 	3564 	23945 	0.0113542526837 	0.0
ProteinClusters 	26.28 	275 	0 	3564 	23945 	0.0113542526837 	0.0
ProteinClusters 	7.2 	4003 	25 	3539 	20217 	0.165276630884 	0.00701459034792
ProteinClusters 	29.88 	0 	0 	3564 	24220 	0.0 	0.0
ProteinClusters 	21.6 	755 	3 	3561 	23465 	0.0311725846408 	0.000841750841751
ProteinClusters 	30.6 	0 	0 	3564 	24220 	0.0 	0.0
ProteinClusters 	19.8 	755 	3 	3561 	23465 	0.0311725846408 	0.000841750841751
ProteinClusters 	15.12 	907 	4 	3560 	23313 	0.0374483897605 	0.00112233445567
ProteinClusters 	5.4 	6056 	39 	3525 	18164 	0.250041288192 	0.0109427609428
ProteinClusters 	22.32 	713 	2 	3562 	23507 	0.0294384805945 	0.000561167227834
ProteinClusters 	12.96 	1359 	4 	3560 	22861 	0.0561106523534 	0.00112233445567
ProteinClusters 	32.76 	0 	0 	3564 	24220 	0.0 	0.0
ProteinClusters 	20.52 	755 	3 	3561 	23465 	0.0311725846408 	0.000841750841751
ProteinClusters 	2.88 	9945 	160 	3404 	14275 	0.410611065235 	0.0448933782267
ProteinClusters 	30.24 	0 	0 	3564 	24220 	0.0 	0.0
ProteinClusters 	10.44 	1801 	7 	3557 	22419 	0.0743600330306 	0.00196408529742
ProteinClusters 	11.88 	1672 	5 	3559 	22548 	0.0690338563171 	0.00140291806958
ProteinClusters 	8.28 	2933 	17 	3547 	21287 	0.121098265896 	0.00476992143659
ProteinClusters 	6.84 	4841 	33 	3531 	19379 	0.199876135425 	0.00925925925926
ProteinClusters 	21.24 	755 	3 	3561 	23465 	0.0311725846408 	0.000841750841751
ProteinClusters 	12.24 	1359 	4 	3560 	22861 	0.0561106523534 	0.00112233445567
ProteinClusters 	20.88 	755 	3 	3561 	23465 	0.0311725846408 	0.000841750841751
ProteinClusters 	10.8 	1801 	7 	3557 	22419 	0.0743600330306 	0.00196408529742
ProteinClusters 	16.2 	875 	3 	3561 	23345 	0.0361271676301 	0.000841750841751
ProteinClusters 	25.2 	275 	0 	3564 	23945 	0.0113542526837 	0.0
ProteinClusters 	15.48 	907 	4 	3560 	23313 	0.0374483897605 	0.00112233445567
ProteinClusters 	14.4 	946 	4 	3560 	23274 	0.039058629232 	0.00112233445567
ProteinClusters 	4.68 	7083 	56 	3508 	17137 	0.292444260941 	0.0157126823793
ProteinClusters 	34.2 	0 	0 	3564 	24220 	0.0 	0.0
ProteinClusters 	25.92 	275 	0 	3564 	23945 	0.0113542526837 	0.0
ProteinClusters 	30.96 	0 	0 	3564 	24220 	0.0 	0.0
ProteinClusters 	29.52 	0 	0 	3564 	24220 	0.0 	0.0
ProteinClusters 	1.8 	11331 	235 	3329 	12889 	0.467836498761 	0.0659371492705
ProteinClusters 	31.32 	0 	0 	3564 	24220 	0.0 	0.0
ProteinClusters 	17.64 	873 	3 	3561 	23347 	0.0360445912469 	0.000841750841751
ProteinClusters 	0.36 	23498 	2335 	1229 	722 	0.970189925681 	0.655162738496
ProteinClusters 	3.24 	8483 	92 	3472 	15737 	0.350247729149 	0.0258136924804
ProteinClusters 	24.84 	275 	0 	3564 	23945 	0.0113542526837 	0.0
ProteinClusters 	3.96 	8483 	92 	3472 	15737 	0.350247729149 	0.0258136924804
ProteinClusters 	2.52 	9945 	160 	3404 	14275 	0.410611065235 	0.0448933782267
ProteinClusters 	18.36 	873 	3 	3561 	23347 	0.0360445912469 	0.000841750841751
ProteinClusters 	11.52 	1672 	5 	3559 	22548 	0.0690338563171 	0.00140291806958
ProteinClusters 	0.72 	23498 	2335 	1229 	722 	0.970189925681 	0.655162738496
ProteinClusters 	6.48 	4841 	33 	3531 	19379 	0.199876135425 	0.00925925925926
ProteinClusters 	6.12 	4841 	33 	3531 	19379 	0.199876135425 	0.00925925925926
ProteinClusters 	19.08 	755 	3 	3561 	23465 	0.0311725846408 	0.000841750841751
ProteinClusters 	32.4 	0 	0 	3564 	24220 	0.0 	0.0
ProteinClusters 	3.6 	8483 	92 	3472 	15737 	0.350247729149 	0.0258136924804
ProteinClusters 	24.12 	275 	0 	3564 	23945 	0.0113542526837 	0.0
ProteinClusters 	33.12 	0 	0 	3564 	24220 	0.0 	0.0
ProteinClusters 	34.92 	0 	0 	3564 	24220 	0.0 	0.0
ProteinClusters 	7.56 	4003 	25 	3539 	20217 	0.165276630884 	0.00701459034792
ProteinClusters 	19.44 	755 	3 	3561 	23465 	0.0311725846408 	0.000841750841751
ProteinClusters 	24.48 	275 	0 	3564 	23945 	0.0113542526837 	0.0
ProteinClusters 	15.84 	907 	4 	3560 	23313 	0.0374483897605 	0.00112233445567
ProteinClusters 	21.96 	755 	3 	3561 	23465 	0.0311725846408 	0.000841750841751
ProteinClusters 	23.76 	456 	0 	3564 	23764 	0.0188274153592 	0.0
ProteinClusters 	2.16 	9945 	160 	3404 	14275 	0.410611065235 	0.0448933782267
ProteinClusters 	5.76 	6056 	39 	3525 	18164 	0.250041288192 	0.0109427609428
ProteinClusters 	33.84 	0 	0 	3564 	24220 	0.0 	0.0
ProteinClusters 	33.48 	0 	0 	3564 	24220 	0.0 	0.0
ProteinClusters 	35.64 	0 	0 	3564 	24220 	0.0 	0.0
ProteinClusters 	22.68 	713 	2 	3562 	23507 	0.0294384805945 	0.000561167227834
ProteinClusters 	12.6 	1359 	4 	3560 	22861 	0.0561106523534 	0.00112233445567
ProteinClusters 	14.04 	946 	4 	3560 	23274 	0.039058629232 	0.00112233445567
ProteinClusters 	31.68 	0 	0 	3564 	24220 	0.0 	0.0
ProteinClusters 	28.8 	275 	0 	3564 	23945 	0.0113542526837 	0.0
ProteinClusters 	4.32 	7083 	56 	3508 	17137 	0.292444260941 	0.0157126823793
ProteinClusters 	16.56 	875 	3 	3561 	23345 	0.0361271676301 	0.000841750841751
ProteinClusters 	23.4 	456 	0 	3564 	23764 	0.0188274153592 	0.0
ProteinClusters 	32.04 	0 	0 	3564 	24220 	0.0 	0.0
ProteinClusters 	16.92 	875 	3 	3561 	23345 	0.0361271676301 	0.000841750841751
ProteinClusters 	27.72 	275 	0 	3564 	23945 	0.0113542526837 	0.0
ProteinClusters 	23.04 	456 	0 	3564 	23764 	0.0188274153592 	0.0
ProteinClusters 	1.44 	11331 	235 	3329 	12889 	0.467836498761 	0.0659371492705
ProteinClusters 	1.08 	11331 	235 	3329 	12889 	0.467836498761 	0.0659371492705
ProteinClusters 	5.04 	6056 	39 	3525 	18164 	0.250041288192 	0.0109427609428
ProteinClusters 	17.28 	873 	3 	3561 	23347 	0.0360445912469 	0.000841750841751
ProteinClusters 	25.56 	275 	0 	3564 	23945 	0.0113542526837 	0.0
ProteinClusters 	13.68 	1113 	4 	3560 	23107 	0.0459537572254 	0.00112233445567
ProteinClusters 	8.64 	2933 	17 	3547 	21287 	0.121098265896 	0.00476992143659
ProteinClusters 	7.92 	4003 	25 	3539 	20217 	0.165276630884 	0.00701459034792
ProteinClusters 	10.08 	1801 	7 	3557 	22419 	0.0743600330306 	0.00196408529742
ProteinClusters 	34.56 	0 	0 	3564 	24220 	0.0 	0.0
ProteinClusters 	26.64 	275 	0 	3564 	23945 	0.0113542526837 	0.0
Clustermembers 	0 	12589 	1502 	2062 	11631 	0.519777043765 	0.421436588103
Clustermembers 	1 	11968 	273 	3291 	12252 	0.494137076796 	0.0765993265993
Clustermembers 	2 	11964 	273 	3291 	12256 	0.49397192403 	0.0765993265993
Clustermembers 	3 	11946 	273 	3291 	12274 	0.493228736581 	0.0765993265993
Clustermembers 	4 	11902 	259 	3305 	12318 	0.491412056152 	0.0726711560045
Clustermembers 	5 	11772 	237 	3327 	12448 	0.486044591247 	0.0664983164983
Clustermembers 	6 	11496 	211 	3353 	12724 	0.474649050372 	0.0592031425365
Clustermembers 	7 	11020 	195 	3369 	13200 	0.454995871181 	0.0547138047138
Clustermembers 	8 	10575 	172 	3392 	13645 	0.436622625929 	0.0482603815937
Clustermembers 	9 	10060 	159 	3405 	14160 	0.415359207267 	0.0446127946128
Clustermembers 	10 	9730 	143 	3421 	14490 	0.401734104046 	0.0401234567901
Clustermembers 	11 	9296 	126 	3438 	14924 	0.383815028902 	0.0353535353535
Clustermembers 	12 	8853 	120 	3444 	15367 	0.365524360033 	0.03367003367
Clustermembers 	13 	8427 	111 	3453 	15793 	0.347935590421 	0.0311447811448
Clustermembers 	14 	8015 	100 	3464 	16205 	0.330924855491 	0.0280583613917
Clustermembers 	15 	7707 	96 	3468 	16513 	0.318208092486 	0.026936026936
Clustermembers 	16 	7388 	94 	3470 	16832 	0.305037159372 	0.0263748597082
Clustermembers 	17 	7095 	88 	3476 	17125 	0.29293971924 	0.0246913580247
Clustermembers 	18 	6760 	80 	3484 	17460 	0.279108175062 	0.0224466891134
Clustermembers 	19 	6480 	77 	3487 	17740 	0.26754748142 	0.0216049382716
Clustermembers 	20 	6260 	72 	3492 	17960 	0.258464079273 	0.020202020202
Clustermembers 	21 	6054 	62 	3502 	18166 	0.249958711808 	0.0173961840629
Clustermembers 	22 	5874 	61 	3503 	18346 	0.242526837325 	0.0171156004489
Clustermembers 	23 	5722 	59 	3505 	18498 	0.236251032205 	0.0165544332211
Clustermembers 	24 	5573 	57 	3507 	18647 	0.23009909166 	0.0159932659933
Clustermembers 	25 	5423 	55 	3509 	18797 	0.223905862923 	0.0154320987654
Clustermembers 	26 	5310 	52 	3512 	18910 	0.219240297275 	0.0145903479237
Clustermembers 	27 	5181 	48 	3516 	19039 	0.213914120562 	0.013468013468
Clustermembers 	28 	5066 	41 	3523 	19154 	0.20916597853 	0.0115039281706
Clustermembers 	29 	4937 	38 	3526 	19283 	0.203839801817 	0.0106621773288
Clustermembers 	30 	4813 	37 	3527 	19407 	0.198720066061 	0.0103815937149
Clustermembers 	31 	4701 	36 	3528 	19519 	0.194095788604 	0.010101010101
Clustermembers 	32 	4571 	35 	3529 	19649 	0.188728323699 	0.00982042648709
Clustermembers 	33 	4502 	34 	3530 	19718 	0.185879438481 	0.00953984287318
Clustermembers 	34 	4390 	32 	3532 	19830 	0.181255161024 	0.00897867564534
Clustermembers 	35 	4262 	32 	3532 	19958 	0.175970272502 	0.00897867564534
Clustermembers 	36 	4219 	32 	3532 	20001 	0.174194880264 	0.00897867564534
Clustermembers 	37 	4122 	31 	3533 	20098 	0.170189925681 	0.00869809203143
Clustermembers 	38 	4107 	30 	3534 	20113 	0.169570602808 	0.00841750841751
Clustermembers 	39 	4065 	25 	3539 	20155 	0.167836498761 	0.00701459034792
Clustermembers 	40 	3987 	24 	3540 	20233 	0.164616019818 	0.00673400673401
Clustermembers 	41 	3935 	24 	3540 	20285 	0.162469033856 	0.00673400673401
Clustermembers 	42 	3864 	21 	3543 	20356 	0.159537572254 	0.00589225589226
Clustermembers 	43 	3804 	19 	3545 	20416 	0.15706028076 	0.00533108866442
Clustermembers 	44 	3674 	18 	3546 	20546 	0.151692815855 	0.00505050505051
Clustermembers 	45 	3624 	17 	3547 	20596 	0.149628406276 	0.00476992143659
Clustermembers 	46 	3561 	17 	3547 	20659 	0.147027250206 	0.00476992143659
Clustermembers 	47 	3470 	17 	3547 	20750 	0.143270024773 	0.00476992143659
Clustermembers 	48 	3437 	17 	3547 	20783 	0.141907514451 	0.00476992143659
Clustermembers 	49 	3328 	17 	3547 	20892 	0.137407101569 	0.00476992143659
Clustermembers 	50 	3275 	17 	3547 	20945 	0.135218827415 	0.00476992143659
Clustermembers 	51 	3245 	16 	3548 	20975 	0.133980181668 	0.00448933782267
Clustermembers 	52 	3182 	16 	3548 	21038 	0.131379025599 	0.00448933782267
Clustermembers 	53 	3156 	16 	3548 	21064 	0.130305532618 	0.00448933782267
Clustermembers 	54 	3094 	16 	3548 	21126 	0.12774566474 	0.00448933782267
Clustermembers 	55 	3054 	15 	3549 	21166 	0.126094137077 	0.00420875420875
Clustermembers 	56 	3049 	15 	3549 	21171 	0.125887696119 	0.00420875420875
Clustermembers 	57 	3010 	15 	3549 	21210 	0.124277456647 	0.00420875420875
Clustermembers 	58 	2994 	14 	3550 	21226 	0.123616845582 	0.00392817059484
Clustermembers 	59 	2982 	14 	3550 	21238 	0.123121387283 	0.00392817059484
Clustermembers 	60 	2952 	14 	3550 	21268 	0.121882741536 	0.00392817059484
Clustermembers 	61 	2927 	14 	3550 	21293 	0.120850536746 	0.00392817059484
Clustermembers 	62 	2868 	13 	3551 	21352 	0.118414533443 	0.00364758698092
Clustermembers 	63 	2787 	13 	3551 	21433 	0.115070189926 	0.00364758698092
Clustermembers 	64 	2726 	13 	3551 	21494 	0.112551610239 	0.00364758698092
Clustermembers 	65 	2693 	12 	3552 	21527 	0.111189099917 	0.003367003367
Clustermembers 	66 	2668 	10 	3554 	21552 	0.110156895128 	0.00280583613917
Clustermembers 	67 	2623 	10 	3554 	21597 	0.108298926507 	0.00280583613917
Clustermembers 	68 	2556 	9 	3555 	21664 	0.105532617671 	0.00252525252525
Clustermembers 	69 	2549 	9 	3555 	21671 	0.10524360033 	0.00252525252525
Clustermembers 	70 	2528 	9 	3555 	21692 	0.104376548307 	0.00252525252525
Clustermembers 	71 	2454 	9 	3555 	21766 	0.10132122213 	0.00252525252525
Clustermembers 	72 	2421 	7 	3557 	21799 	0.0999587118084 	0.00196408529742
Clustermembers 	73 	2368 	7 	3557 	21852 	0.0977704376548 	0.00196408529742
Clustermembers 	74 	2338 	7 	3557 	21882 	0.0965317919075 	0.00196408529742
Clustermembers 	75 	2338 	7 	3557 	21882 	0.0965317919075 	0.00196408529742
Clustermembers 	76 	2300 	7 	3557 	21920 	0.0949628406276 	0.00196408529742
Clustermembers 	77 	2213 	7 	3557 	22007 	0.0913707679604 	0.00196408529742
Clustermembers 	78 	2157 	7 	3557 	22063 	0.089058629232 	0.00196408529742
Clustermembers 	79 	2112 	7 	3557 	22108 	0.0872006606111 	0.00196408529742
Clustermembers 	80 	1982 	7 	3557 	22238 	0.081833195706 	0.00196408529742
Clustermembers 	81 	1980 	7 	3557 	22240 	0.0817506193229 	0.00196408529742
Clustermembers 	82 	1887 	7 	3557 	22333 	0.0779108175062 	0.00196408529742
Clustermembers 	83 	1753 	7 	3557 	22467 	0.0723781998348 	0.00196408529742
Clustermembers 	84 	1753 	7 	3557 	22467 	0.0723781998348 	0.00196408529742
Clustermembers 	85 	1753 	7 	3557 	22467 	0.0723781998348 	0.00196408529742
Clustermembers 	86 	1704 	7 	3557 	22516 	0.0703550784476 	0.00196408529742
Clustermembers 	87 	1628 	7 	3557 	22592 	0.0672171758877 	0.00196408529742
Clustermembers 	88 	1628 	7 	3557 	22592 	0.0672171758877 	0.00196408529742
Clustermembers 	89 	1628 	7 	3557 	22592 	0.0672171758877 	0.00196408529742
Clustermembers 	90 	1597 	7 	3557 	22623 	0.0659372419488 	0.00196408529742
Clustermembers 	91 	1563 	7 	3557 	22657 	0.0645334434352 	0.00196408529742
Clustermembers 	92 	1528 	7 	3557 	22692 	0.06308835673 	0.00196408529742
Clustermembers 	93 	1491 	7 	3557 	22729 	0.0615606936416 	0.00196408529742
Clustermembers 	94 	1458 	7 	3557 	22762 	0.0601981833196 	0.00196408529742
Clustermembers 	95 	1458 	7 	3557 	22762 	0.0601981833196 	0.00196408529742
Clustermembers 	96 	1349 	7 	3557 	22871 	0.0556977704377 	0.00196408529742
Clustermembers 	97 	1349 	7 	3557 	22871 	0.0556977704377 	0.00196408529742
Clustermembers 	98 	1349 	7 	3557 	22871 	0.0556977704377 	0.00196408529742
Clustermembers 	99 	1306 	7 	3557 	22914 	0.0539223781998 	0.00196408529742
Clustermembers 	100 	1306 	7 	3557 	22914 	0.0539223781998 	0.00196408529742
TotalEvidence 	0 	24220 	3564 	0 	0 	1.0 	1.0
TotalEvidence 	1 	23599 	2316 	1248 	621 	0.974360033031 	0.649831649832
TotalEvidence 	2 	23598 	2306 	1258 	622 	0.974318744839 	0.647025813692
TotalEvidence 	3 	23579 	2285 	1279 	641 	0.973534269199 	0.6411335578
TotalEvidence 	4 	23475 	2234 	1330 	745 	0.969240297275 	0.62682379349
TotalEvidence 	5 	23369 	2209 	1355 	851 	0.964863748968 	0.619809203143
TotalEvidence 	6 	23243 	2166 	1398 	977 	0.959661436829 	0.607744107744
TotalEvidence 	7 	23099 	2141 	1423 	1121 	0.953715937242 	0.600729517396
TotalEvidence 	8 	22943 	2100 	1464 	1277 	0.947274979356 	0.589225589226
TotalEvidence 	9 	22733 	2057 	1507 	1487 	0.938604459125 	0.577160493827
TotalEvidence 	10 	22515 	2010 	1554 	1705 	0.929603633361 	0.563973063973
TotalEvidence 	11 	22286 	1962 	1602 	1934 	0.92014863749 	0.550505050505
TotalEvidence 	12 	22027 	1911 	1653 	2193 	0.909454995871 	0.536195286195
TotalEvidence 	13 	21777 	1862 	1702 	2443 	0.899132947977 	0.522446689113
TotalEvidence 	14 	21463 	1815 	1749 	2757 	0.886168455822 	0.509259259259
TotalEvidence 	15 	21210 	1773 	1791 	3010 	0.875722543353 	0.497474747475
TotalEvidence 	16 	20991 	1716 	1848 	3229 	0.866680429397 	0.481481481481
TotalEvidence 	17 	20680 	1669 	1895 	3540 	0.853839801817 	0.468294051627
TotalEvidence 	18 	20406 	1618 	1946 	3814 	0.842526837325 	0.453984287318
TotalEvidence 	19 	20156 	1576 	1988 	4064 	0.83220478943 	0.442199775533
TotalEvidence 	20 	19973 	1504 	2060 	4247 	0.824649050372 	0.421997755331
TotalEvidence 	21 	19738 	1465 	2099 	4482 	0.814946325351 	0.411054994388
TotalEvidence 	22 	19556 	1437 	2127 	4664 	0.807431874484 	0.403198653199
TotalEvidence 	23 	19345 	1403 	2161 	4875 	0.798720066061 	0.393658810325
TotalEvidence 	24 	19071 	1367 	2197 	5149 	0.787407101569 	0.383557800224
TotalEvidence 	25 	18853 	1342 	2222 	5367 	0.778406275805 	0.376543209877
TotalEvidence 	26 	18417 	1307 	2257 	5803 	0.760404624277 	0.366722783389
TotalEvidence 	27 	18088 	1273 	2291 	6132 	0.746820809249 	0.357182940516
TotalEvidence 	28 	17868 	1250 	2314 	6352 	0.737737407102 	0.350729517396
TotalEvidence 	29 	17603 	1228 	2336 	6617 	0.726796036334 	0.34455667789
TotalEvidence 	30 	17443 	1194 	2370 	6777 	0.720189925681 	0.335016835017
TotalEvidence 	31 	17282 	1163 	2401 	6938 	0.713542526837 	0.326318742985
TotalEvidence 	32 	17023 	1134 	2430 	7197 	0.702848885219 	0.318181818182
TotalEvidence 	33 	16792 	1111 	2453 	7428 	0.693311312964 	0.311728395062
TotalEvidence 	34 	16599 	1090 	2474 	7621 	0.68534269199 	0.305836139169
TotalEvidence 	35 	16280 	1063 	2501 	7940 	0.672171758877 	0.298260381594
TotalEvidence 	36 	16040 	1046 	2518 	8180 	0.662262592898 	0.293490460157
TotalEvidence 	37 	15796 	1034 	2530 	8424 	0.652188274154 	0.29012345679
TotalEvidence 	38 	15622 	1018 	2546 	8598 	0.645004128819 	0.285634118967
TotalEvidence 	39 	15442 	999 	2565 	8778 	0.637572254335 	0.280303030303
TotalEvidence 	40 	15199 	967 	2597 	9021 	0.627539223782 	0.271324354658
TotalEvidence 	41 	15004 	946 	2618 	9216 	0.619488026424 	0.265432098765
TotalEvidence 	42 	14888 	923 	2641 	9332 	0.614698596201 	0.258978675645
TotalEvidence 	43 	14680 	914 	2650 	9540 	0.606110652353 	0.25645342312
TotalEvidence 	44 	14494 	894 	2670 	9726 	0.59843104872 	0.250841750842
TotalEvidence 	45 	14335 	882 	2682 	9885 	0.591866226259 	0.247474747475
TotalEvidence 	46 	14229 	848 	2716 	9991 	0.587489677952 	0.237934904602
TotalEvidence 	47 	14006 	839 	2725 	10214 	0.57828241123 	0.235409652076
TotalEvidence 	48 	13825 	825 	2739 	10395 	0.570809248555 	0.231481481481
TotalEvidence 	49 	13680 	794 	2770 	10540 	0.564822460776 	0.22278338945
TotalEvidence 	50 	13491 	785 	2779 	10729 	0.557018992568 	0.220258136925
TotalEvidence 	51 	13357 	774 	2790 	10863 	0.551486374897 	0.217171717172
TotalEvidence 	52 	13296 	762 	2802 	10924 	0.548967795211 	0.213804713805
TotalEvidence 	53 	13189 	745 	2819 	11031 	0.544549958712 	0.209034792368
TotalEvidence 	54 	13072 	726 	2838 	11148 	0.539719240297 	0.203703703704
TotalEvidence 	55 	12905 	715 	2849 	11315 	0.532824112304 	0.200617283951
TotalEvidence 	56 	12840 	706 	2858 	11380 	0.530140379851 	0.198092031425
TotalEvidence 	57 	12777 	694 	2870 	11443 	0.527539223782 	0.194725028058
TotalEvidence 	58 	12659 	685 	2879 	11561 	0.522667217176 	0.192199775533
TotalEvidence 	59 	12586 	672 	2892 	11634 	0.519653179191 	0.188552188552
TotalEvidence 	60 	12426 	655 	2909 	11794 	0.513047068538 	0.183782267116
TotalEvidence 	61 	12322 	641 	2923 	11898 	0.508753096614 	0.179854096521
TotalEvidence 	62 	12260 	619 	2945 	11960 	0.506193228737 	0.173681257015
TotalEvidence 	63 	12217 	612 	2952 	12003 	0.504417836499 	0.171717171717
TotalEvidence 	64 	12070 	606 	2958 	12150 	0.498348472337 	0.170033670034
TotalEvidence 	65 	12000 	587 	2977 	12220 	0.495458298927 	0.164702581369
TotalEvidence 	66 	11815 	572 	2992 	12405 	0.487819983485 	0.16049382716
TotalEvidence 	67 	11759 	559 	3005 	12461 	0.485507844756 	0.15684624018
TotalEvidence 	68 	11540 	528 	3036 	12680 	0.476465730801 	0.148148148148
TotalEvidence 	69 	11411 	512 	3052 	12809 	0.471139554088 	0.143658810325
TotalEvidence 	70 	11168 	510 	3054 	13052 	0.461106523534 	0.143097643098
TotalEvidence 	71 	11107 	501 	3063 	13113 	0.458587943848 	0.140572390572
TotalEvidence 	72 	11027 	489 	3075 	13193 	0.455284888522 	0.137205387205
TotalEvidence 	73 	10940 	473 	3091 	13280 	0.451692815855 	0.132716049383
TotalEvidence 	74 	10810 	461 	3103 	13410 	0.44632535095 	0.129349046016
TotalEvidence 	75 	10766 	450 	3114 	13454 	0.44450867052 	0.126262626263
TotalEvidence 	76 	10682 	441 	3123 	13538 	0.441040462428 	0.123737373737
TotalEvidence 	77 	10591 	434 	3130 	13629 	0.437283236994 	0.12177328844
TotalEvidence 	78 	10544 	426 	3138 	13676 	0.43534269199 	0.119528619529
TotalEvidence 	79 	10481 	415 	3149 	13739 	0.432741535921 	0.116442199776
TotalEvidence 	80 	10429 	398 	3166 	13791 	0.430594549959 	0.111672278339
TotalEvidence 	81 	10355 	391 	3173 	13865 	0.427539223782 	0.109708193042
TotalEvidence 	82 	10245 	390 	3174 	13975 	0.422997522709 	0.109427609428
TotalEvidence 	83 	10199 	384 	3180 	14021 	0.421098265896 	0.107744107744
TotalEvidence 	84 	10121 	375 	3189 	14099 	0.417877786953 	0.105218855219
TotalEvidence 	85 	10073 	370 	3194 	14147 	0.415895953757 	0.103815937149
TotalEvidence 	86 	9993 	363 	3201 	14227 	0.412592898431 	0.101851851852
TotalEvidence 	87 	9936 	355 	3209 	14284 	0.410239471511 	0.0996071829405
TotalEvidence 	88 	9845 	351 	3213 	14375 	0.406482246078 	0.0984848484848
TotalEvidence 	89 	9760 	342 	3222 	14460 	0.402972749794 	0.0959595959596
TotalEvidence 	90 	9652 	331 	3233 	14568 	0.398513625103 	0.0928731762065
TotalEvidence 	91 	9585 	322 	3242 	14635 	0.395747316268 	0.0903479236813
TotalEvidence 	92 	9447 	314 	3250 	14773 	0.39004954583 	0.0881032547699
TotalEvidence 	93 	9367 	308 	3256 	14853 	0.386746490504 	0.0864197530864
TotalEvidence 	94 	9267 	307 	3257 	14953 	0.382617671346 	0.0861391694725
TotalEvidence 	95 	9190 	302 	3262 	15030 	0.379438480595 	0.0847362514029
TotalEvidence 	96 	9096 	301 	3263 	15124 	0.375557390586 	0.084455667789
TotalEvidence 	97 	8922 	297 	3267 	15298 	0.368373245252 	0.0833333333333
TotalEvidence 	98 	8919 	289 	3275 	15301 	0.368249380677 	0.081088664422
TotalEvidence 	99 	8686 	286 	3278 	15534 	0.35862923204 	0.0802469135802
TotalEvidence 	100 	8596 	264 	3300 	15624 	0.354913294798 	0.0740740740741
ClusterEvidence 	0 	12589 	1502 	2062 	11631 	0.519777043765 	0.421436588103
ClusterEvidence 	1 	11952 	261 	3303 	12268 	0.493476465731 	0.0732323232323
ClusterEvidence 	2 	11924 	261 	3303 	12296 	0.492320396367 	0.0732323232323
ClusterEvidence 	3 	11838 	248 	3316 	12382 	0.488769611891 	0.0695847362514
ClusterEvidence 	4 	11314 	235 	3329 	12906 	0.467134599505 	0.0659371492705
ClusterEvidence 	5 	10803 	225 	3339 	13417 	0.446036333609 	0.0631313131313
ClusterEvidence 	6 	10261 	214 	3350 	13959 	0.423658133774 	0.0600448933782
ClusterEvidence 	7 	9766 	195 	3369 	14454 	0.403220478943 	0.0547138047138
ClusterEvidence 	8 	9339 	189 	3375 	14881 	0.38559042114 	0.0530303030303
ClusterEvidence 	9 	8883 	176 	3388 	15337 	0.36676300578 	0.0493827160494
ClusterEvidence 	10 	8467 	170 	3394 	15753 	0.349587118084 	0.0476992143659
ClusterEvidence 	11 	8044 	163 	3401 	16176 	0.332122213047 	0.0457351290685
ClusterEvidence 	12 	7687 	156 	3408 	16533 	0.317382328654 	0.043771043771
ClusterEvidence 	13 	7429 	151 	3413 	16791 	0.306729975227 	0.0423681257015
ClusterEvidence 	14 	7154 	146 	3418 	17066 	0.295375722543 	0.0409652076319
ClusterEvidence 	15 	6927 	138 	3426 	17293 	0.286003303055 	0.0387205387205
ClusterEvidence 	16 	6686 	131 	3433 	17534 	0.276052848885 	0.0367564534231
ClusterEvidence 	17 	6467 	130 	3434 	17753 	0.26701073493 	0.0364758698092
ClusterEvidence 	18 	6261 	121 	3443 	17959 	0.258505367465 	0.033950617284
ClusterEvidence 	19 	6019 	113 	3451 	18201 	0.248513625103 	0.0317059483726
ClusterEvidence 	20 	5828 	109 	3455 	18392 	0.240627580512 	0.0305836139169
ClusterEvidence 	21 	5684 	105 	3459 	18536 	0.234682080925 	0.0294612794613
ClusterEvidence 	22 	5589 	102 	3462 	18631 	0.230759702725 	0.0286195286195
ClusterEvidence 	23 	5413 	100 	3464 	18807 	0.223492981007 	0.0280583613917
ClusterEvidence 	24 	5267 	97 	3467 	18953 	0.217464905037 	0.0272166105499
ClusterEvidence 	25 	5195 	91 	3473 	19025 	0.214492155244 	0.0255331088664
ClusterEvidence 	26 	5102 	89 	3475 	19118 	0.210652353427 	0.0249719416386
ClusterEvidence 	27 	5000 	89 	3475 	19220 	0.206440957886 	0.0249719416386
ClusterEvidence 	28 	4861 	88 	3476 	19359 	0.200701899257 	0.0246913580247
ClusterEvidence 	29 	4797 	80 	3484 	19423 	0.198059454996 	0.0224466891134
ClusterEvidence 	30 	4684 	78 	3486 	19536 	0.193393889348 	0.0218855218855
ClusterEvidence 	31 	4562 	76 	3488 	19658 	0.188356729975 	0.0213243546577
ClusterEvidence 	32 	4458 	74 	3490 	19762 	0.184062758051 	0.0207631874299
ClusterEvidence 	33 	4354 	68 	3496 	19866 	0.179768786127 	0.0190796857464
ClusterEvidence 	34 	4284 	66 	3498 	19936 	0.176878612717 	0.0185185185185
ClusterEvidence 	35 	4223 	62 	3502 	19997 	0.174360033031 	0.0173961840629
ClusterEvidence 	36 	4150 	60 	3504 	20070 	0.171345995045 	0.016835016835
ClusterEvidence 	37 	3989 	59 	3505 	20231 	0.164698596201 	0.0165544332211
ClusterEvidence 	38 	3920 	59 	3505 	20300 	0.161849710983 	0.0165544332211
ClusterEvidence 	39 	3839 	58 	3506 	20381 	0.158505367465 	0.0162738496072
ClusterEvidence 	40 	3808 	58 	3506 	20412 	0.157225433526 	0.0162738496072
ClusterEvidence 	41 	3736 	58 	3506 	20484 	0.154252683732 	0.0162738496072
ClusterEvidence 	42 	3679 	54 	3510 	20541 	0.151899256813 	0.0151515151515
ClusterEvidence 	43 	3612 	52 	3512 	20608 	0.149132947977 	0.0145903479237
ClusterEvidence 	44 	3365 	48 	3516 	20855 	0.138934764657 	0.013468013468
ClusterEvidence 	45 	3306 	46 	3518 	20914 	0.136498761354 	0.0129068462402
ClusterEvidence 	46 	3212 	42 	3522 	21008 	0.132617671346 	0.0117845117845
ClusterEvidence 	47 	3138 	42 	3522 	21082 	0.129562345169 	0.0117845117845
ClusterEvidence 	48 	3122 	42 	3522 	21098 	0.128901734104 	0.0117845117845
ClusterEvidence 	49 	3012 	42 	3522 	21208 	0.124360033031 	0.0117845117845
ClusterEvidence 	50 	2961 	40 	3524 	21259 	0.12225433526 	0.0112233445567
ClusterEvidence 	51 	2852 	37 	3527 	21368 	0.117753922378 	0.0103815937149
ClusterEvidence 	52 	2831 	37 	3527 	21389 	0.116886870355 	0.0103815937149
ClusterEvidence 	53 	2773 	36 	3528 	21447 	0.114492155244 	0.010101010101
ClusterEvidence 	54 	2693 	36 	3528 	21527 	0.111189099917 	0.010101010101
ClusterEvidence 	55 	2640 	36 	3528 	21580 	0.109000825764 	0.010101010101
ClusterEvidence 	56 	2626 	33 	3531 	21594 	0.108422791082 	0.00925925925926
ClusterEvidence 	57 	2620 	32 	3532 	21600 	0.108175061932 	0.00897867564534
ClusterEvidence 	58 	2574 	32 	3532 	21646 	0.10627580512 	0.00897867564534
ClusterEvidence 	59 	2567 	32 	3532 	21653 	0.105986787779 	0.00897867564534
ClusterEvidence 	60 	2538 	32 	3532 	21682 	0.104789430223 	0.00897867564534
ClusterEvidence 	61 	2465 	31 	3533 	21755 	0.101775392238 	0.00869809203143
ClusterEvidence 	62 	2412 	30 	3534 	21808 	0.0995871180842 	0.00841750841751
ClusterEvidence 	63 	2298 	29 	3535 	21922 	0.0948802642444 	0.00813692480359
ClusterEvidence 	64 	2285 	29 	3535 	21935 	0.0943435177539 	0.00813692480359
ClusterEvidence 	65 	2251 	29 	3535 	21969 	0.0929397192403 	0.00813692480359
ClusterEvidence 	66 	2229 	29 	3535 	21991 	0.0920313790256 	0.00813692480359
ClusterEvidence 	67 	2223 	29 	3535 	21997 	0.0917836498761 	0.00813692480359
ClusterEvidence 	68 	2120 	28 	3536 	22100 	0.0875309661437 	0.00785634118967
ClusterEvidence 	69 	2116 	28 	3536 	22104 	0.0873658133774 	0.00785634118967
ClusterEvidence 	70 	1981 	26 	3538 	22239 	0.0817919075145 	0.00729517396184
ClusterEvidence 	71 	1975 	25 	3539 	22245 	0.081544178365 	0.00701459034792
ClusterEvidence 	72 	1927 	25 	3539 	22293 	0.0795623451693 	0.00701459034792
ClusterEvidence 	73 	1923 	24 	3540 	22297 	0.079397192403 	0.00673400673401
ClusterEvidence 	74 	1895 	22 	3542 	22325 	0.0782411230388 	0.00617283950617
ClusterEvidence 	75 	1887 	22 	3542 	22333 	0.0779108175062 	0.00617283950617
ClusterEvidence 	76 	1851 	22 	3542 	22369 	0.0764244426094 	0.00617283950617
ClusterEvidence 	77 	1838 	21 	3543 	22382 	0.0758876961189 	0.00589225589226
ClusterEvidence 	78 	1753 	20 	3544 	22467 	0.0723781998348 	0.00561167227834
ClusterEvidence 	79 	1737 	20 	3544 	22483 	0.0717175887696 	0.00561167227834
ClusterEvidence 	80 	1735 	20 	3544 	22485 	0.0716350123865 	0.00561167227834
ClusterEvidence 	81 	1735 	20 	3544 	22485 	0.0716350123865 	0.00561167227834
ClusterEvidence 	82 	1714 	18 	3546 	22506 	0.0707679603633 	0.00505050505051
ClusterEvidence 	83 	1677 	18 	3546 	22543 	0.069240297275 	0.00505050505051
ClusterEvidence 	84 	1677 	18 	3546 	22543 	0.069240297275 	0.00505050505051
ClusterEvidence 	85 	1665 	16 	3548 	22555 	0.0687448389761 	0.00448933782267
ClusterEvidence 	86 	1648 	16 	3548 	22572 	0.0680429397192 	0.00448933782267
ClusterEvidence 	87 	1643 	16 	3548 	22577 	0.0678364987614 	0.00448933782267
ClusterEvidence 	88 	1578 	16 	3548 	22642 	0.0651527663088 	0.00448933782267
ClusterEvidence 	89 	1573 	15 	3549 	22647 	0.0649463253509 	0.00420875420875
ClusterEvidence 	90 	1542 	15 	3549 	22678 	0.0636663914121 	0.00420875420875
ClusterEvidence 	91 	1540 	14 	3550 	22680 	0.0635838150289 	0.00392817059484
ClusterEvidence 	92 	1486 	13 	3551 	22734 	0.0613542526837 	0.00364758698092
ClusterEvidence 	93 	1377 	12 	3552 	22843 	0.0568538398018 	0.003367003367
ClusterEvidence 	94 	1302 	12 	3552 	22918 	0.0537572254335 	0.003367003367
ClusterEvidence 	95 	1281 	12 	3552 	22939 	0.0528901734104 	0.003367003367
ClusterEvidence 	96 	1280 	12 	3552 	22940 	0.0528488852188 	0.003367003367
ClusterEvidence 	97 	1280 	11 	3553 	22940 	0.0528488852188 	0.00308641975309
ClusterEvidence 	98 	1264 	11 	3553 	22956 	0.0521882741536 	0.00308641975309
ClusterEvidence 	99 	1264 	11 	3553 	22956 	0.0521882741536 	0.00308641975309
ClusterEvidence 	100 	1240 	11 	3553 	22980 	0.0511973575557 	0.00308641975309
