Category 	Threshold 	TP 	FP 	TN 	FN 	TPR 	FPR
SeqIdentity 	0.0 	19944 	1918 	0 	0 	0.995110268436 	1.0
SeqIdentity 	1.0 	19391 	1814 	104 	553 	0.967518211755 	0.945776850886
SeqIdentity 	2.0 	19382 	1798 	120 	562 	0.967069154775 	0.937434827946
SeqIdentity 	3.0 	19333 	1782 	136 	611 	0.964624288993 	0.929092805005
SeqIdentity 	4.0 	19236 	1723 	195 	708 	0.959784452649 	0.898331595412
SeqIdentity 	5.0 	19095 	1651 	267 	849 	0.952749226624 	0.860792492179
SeqIdentity 	6.0 	18905 	1565 	353 	1039 	0.943269134817 	0.815954118874
SeqIdentity 	7.0 	18827 	1522 	396 	1117 	0.939377307654 	0.793534932221
SeqIdentity 	8.0 	18754 	1464 	454 	1190 	0.935734956591 	0.763295099062
SeqIdentity 	9.0 	18651 	1413 	505 	1293 	0.930595748927 	0.736704900938
SeqIdentity 	10.0 	18564 	1370 	548 	1380 	0.926254864784 	0.714285714286
SeqIdentity 	11.0 	18471 	1325 	593 	1473 	0.92161460932 	0.690823774765
SeqIdentity 	12.0 	18344 	1293 	625 	1600 	0.915277916376 	0.674139728884
SeqIdentity 	13.0 	18260 	1268 	650 	1684 	0.911086717892 	0.66110531804
SeqIdentity 	14.0 	18211 	1248 	670 	1733 	0.908641852111 	0.650677789364
SeqIdentity 	15.0 	18120 	1216 	702 	1824 	0.904101387087 	0.633993743483
SeqIdentity 	16.0 	18032 	1198 	720 	1912 	0.899710607724 	0.624608967675
SeqIdentity 	17.0 	17931 	1160 	758 	2013 	0.8946711905 	0.604796663191
SeqIdentity 	18.0 	17870 	1146 	772 	2074 	0.891627582078 	0.597497393118
SeqIdentity 	19.0 	17803 	1116 	802 	2141 	0.888284602335 	0.581856100104
SeqIdentity 	20.0 	17762 	1102 	816 	2182 	0.886238898314 	0.574556830031
SeqIdentity 	21.0 	17634 	1053 	865 	2310 	0.879852310149 	0.549009384776
SeqIdentity 	22.0 	17556 	1038 	880 	2388 	0.875960482986 	0.541188738269
SeqIdentity 	23.0 	17484 	1013 	905 	2460 	0.872368027143 	0.528154327424
SeqIdentity 	24.0 	17387 	984 	934 	2557 	0.867528190799 	0.513034410845
SeqIdentity 	25.0 	17355 	980 	938 	2589 	0.865931543758 	0.510948905109
SeqIdentity 	26.0 	17200 	952 	966 	2744 	0.858197784652 	0.496350364964
SeqIdentity 	27.0 	17078 	936 	982 	2866 	0.852110567808 	0.488008342023
SeqIdentity 	28.0 	16990 	914 	1004 	2954 	0.847719788444 	0.47653806048
SeqIdentity 	29.0 	16898 	891 	1027 	3046 	0.843129428201 	0.464546402503
SeqIdentity 	30.0 	16831 	880 	1038 	3113 	0.839786448458 	0.458811261731
SeqIdentity 	31.0 	16659 	852 	1066 	3285 	0.831204470612 	0.444212721585
SeqIdentity 	32.0 	16556 	842 	1076 	3388 	0.826065262948 	0.438998957247
SeqIdentity 	33.0 	16530 	840 	1078 	3414 	0.824767987227 	0.43795620438
SeqIdentity 	34.0 	16336 	797 	1121 	3608 	0.815088314539 	0.415537017727
SeqIdentity 	35.0 	16276 	784 	1134 	3668 	0.812094601337 	0.408759124088
SeqIdentity 	36.0 	16162 	775 	1143 	3782 	0.806406546253 	0.404066736184
SeqIdentity 	37.0 	16016 	747 	1171 	3928 	0.799121844127 	0.389468196038
SeqIdentity 	38.0 	15942 	737 	1181 	4002 	0.795429597845 	0.3842544317
SeqIdentity 	39.0 	15844 	727 	1191 	4100 	0.790539866281 	0.379040667362
SeqIdentity 	40.0 	15817 	724 	1194 	4127 	0.78919269534 	0.37747653806
SeqIdentity 	41.0 	15637 	693 	1225 	4307 	0.780211555733 	0.361313868613
SeqIdentity 	42.0 	15497 	677 	1241 	4447 	0.773226224928 	0.352971845673
SeqIdentity 	43.0 	15378 	662 	1256 	4566 	0.767288693743 	0.345151199166
SeqIdentity 	44.0 	15330 	651 	1267 	4614 	0.764893723181 	0.339416058394
SeqIdentity 	45.0 	15222 	638 	1280 	4722 	0.759505039417 	0.332638164755
SeqIdentity 	46.0 	15083 	627 	1291 	4861 	0.752569603832 	0.326903023983
SeqIdentity 	47.0 	14951 	611 	1307 	4993 	0.745983434787 	0.318561001043
SeqIdentity 	48.0 	14849 	604 	1314 	5095 	0.740894122343 	0.314911366006
SeqIdentity 	49.0 	14784 	600 	1318 	5160 	0.737650933041 	0.312825860271
SeqIdentity 	50.0 	14780 	600 	1318 	5164 	0.73745135216 	0.312825860271
SeqIdentity 	51.0 	14329 	545 	1373 	5615 	0.714948607923 	0.284150156413
SeqIdentity 	52.0 	14298 	540 	1378 	5646 	0.713401856102 	0.281543274244
SeqIdentity 	53.0 	14168 	521 	1397 	5776 	0.706915477497 	0.271637122002
SeqIdentity 	54.0 	13980 	507 	1411 	5964 	0.69753517613 	0.264337851929
SeqIdentity 	55.0 	13892 	502 	1416 	6052 	0.693144396767 	0.26173096976
SeqIdentity 	56.0 	13736 	496 	1422 	6208 	0.685360742441 	0.258602711157
SeqIdentity 	57.0 	13634 	488 	1430 	6310 	0.680271429997 	0.254431699687
SeqIdentity 	58.0 	13442 	482 	1436 	6502 	0.67069154775 	0.251303441084
SeqIdentity 	59.0 	13268 	473 	1445 	6676 	0.662009779463 	0.24661105318
SeqIdentity 	60.0 	13219 	463 	1455 	6725 	0.659564913681 	0.241397288843
SeqIdentity 	61.0 	12954 	435 	1483 	6990 	0.646342680371 	0.226798748697
SeqIdentity 	62.0 	12826 	426 	1492 	7118 	0.639956092206 	0.222106360792
SeqIdentity 	63.0 	12686 	418 	1500 	7258 	0.632970761401 	0.217935349322
SeqIdentity 	64.0 	12563 	406 	1512 	7381 	0.626833649336 	0.211678832117
SeqIdentity 	65.0 	12422 	397 	1521 	7522 	0.619798423311 	0.206986444213
SeqIdentity 	66.0 	12313 	393 	1525 	7631 	0.614359844327 	0.204900938478
SeqIdentity 	67.0 	11954 	355 	1563 	7990 	0.596447460333 	0.185088633994
SeqIdentity 	68.0 	11938 	353 	1565 	8006 	0.595649136813 	0.184045881126
SeqIdentity 	69.0 	11721 	347 	1571 	8223 	0.584821874064 	0.180917622523
SeqIdentity 	70.0 	11604 	344 	1574 	8340 	0.57898413332 	0.179353493222
SeqIdentity 	71.0 	11400 	323 	1595 	8544 	0.568805508432 	0.168404588113
SeqIdentity 	72.0 	11276 	313 	1605 	8668 	0.562618501148 	0.163190823775
SeqIdentity 	73.0 	11087 	299 	1619 	8857 	0.55318830456 	0.155891553702
SeqIdentity 	74.0 	10892 	292 	1626 	9052 	0.543458736653 	0.152241918665
SeqIdentity 	75.0 	10866 	290 	1628 	9078 	0.542161460932 	0.151199165798
SeqIdentity 	76.0 	10536 	274 	1644 	9408 	0.52569603832 	0.142857142857
SeqIdentity 	77.0 	10262 	259 	1659 	9682 	0.512024748029 	0.13503649635
SeqIdentity 	78.0 	10100 	254 	1664 	9844 	0.503941722383 	0.132429614181
SeqIdentity 	79.0 	9905 	246 	1672 	10039 	0.494212154476 	0.128258602711
SeqIdentity 	80.0 	9871 	242 	1676 	10073 	0.492515716994 	0.126173096976
SeqIdentity 	81.0 	9366 	228 	1690 	10578 	0.467318630875 	0.118873826903
SeqIdentity 	82.0 	9132 	222 	1696 	10812 	0.455643149386 	0.1157455683
SeqIdentity 	83.0 	9009 	217 	1701 	10935 	0.449506037322 	0.113138686131
SeqIdentity 	84.0 	8719 	208 	1710 	11225 	0.435036423511 	0.108446298227
SeqIdentity 	85.0 	8483 	200 	1718 	11461 	0.423261151582 	0.104275286757
SeqIdentity 	86.0 	8229 	189 	1729 	11715 	0.410587765692 	0.0985401459854
SeqIdentity 	87.0 	8001 	179 	1739 	11943 	0.399211655523 	0.0933263816475
SeqIdentity 	88.0 	7792 	166 	1752 	12152 	0.388783554535 	0.0865484880083
SeqIdentity 	89.0 	7471 	154 	1764 	12473 	0.372767188903 	0.0802919708029
SeqIdentity 	90.0 	7354 	153 	1765 	12590 	0.366929448159 	0.0797705943691
SeqIdentity 	91.0 	6746 	131 	1787 	13198 	0.336593154376 	0.0683003128259
SeqIdentity 	92.0 	6393 	123 	1795 	13551 	0.318980141702 	0.0641293013556
SeqIdentity 	93.0 	5765 	112 	1806 	14179 	0.287645943519 	0.0583941605839
SeqIdentity 	94.0 	5436 	105 	1813 	14508 	0.271230416126 	0.0547445255474
SeqIdentity 	95.0 	5031 	99 	1819 	14913 	0.251022852011 	0.0516162669447
SeqIdentity 	96.0 	4642 	94 	1824 	15302 	0.231613611416 	0.0490093847758
SeqIdentity 	97.0 	4308 	85 	1833 	15636 	0.214948607923 	0.0443169968717
SeqIdentity 	98.0 	4265 	84 	1834 	15679 	0.212803113462 	0.043795620438
SeqIdentity 	99.0 	4254 	84 	1834 	15690 	0.212254266041 	0.043795620438
SeqIdentity 	100.0 	4254 	84 	1834 	15690 	0.212254266041 	0.043795620438
TypeIdentity 	0.0 	20042 	1918 	0 	0 	1.0 	1.0
TypeIdentity 	1.0 	19477 	1826 	92 	565 	0.971809200679 	0.952033368092
TypeIdentity 	2.0 	19474 	1820 	98 	568 	0.971659515018 	0.948905109489
TypeIdentity 	3.0 	19460 	1815 	103 	582 	0.970960981938 	0.94629822732
TypeIdentity 	4.0 	19426 	1780 	138 	616 	0.969264544457 	0.928050052138
TypeIdentity 	5.0 	19367 	1756 	162 	675 	0.966320726474 	0.915537017727
TypeIdentity 	6.0 	19294 	1713 	205 	748 	0.962678375412 	0.893117831074
TypeIdentity 	7.0 	19262 	1693 	225 	780 	0.96108172837 	0.882690302398
TypeIdentity 	8.0 	19233 	1662 	256 	809 	0.959634766989 	0.866527632951
TypeIdentity 	9.0 	19194 	1637 	281 	848 	0.957688853408 	0.853493222106
TypeIdentity 	10.0 	19139 	1616 	302 	903 	0.954944616306 	0.842544316997
TypeIdentity 	11.0 	19097 	1589 	329 	945 	0.952849017064 	0.828467153285
TypeIdentity 	12.0 	19030 	1567 	351 	1012 	0.949506037322 	0.816996871741
TypeIdentity 	13.0 	18980 	1547 	371 	1062 	0.94701127632 	0.806569343066
TypeIdentity 	14.0 	18953 	1530 	388 	1089 	0.945664105379 	0.797705943691
TypeIdentity 	15.0 	18914 	1508 	410 	1128 	0.943718191797 	0.786235662148
TypeIdentity 	16.0 	18869 	1497 	421 	1173 	0.941472906896 	0.780500521376
TypeIdentity 	17.0 	18807 	1465 	453 	1235 	0.938379403253 	0.763816475495
TypeIdentity 	18.0 	18762 	1450 	468 	1280 	0.936134118351 	0.755995828989
TypeIdentity 	19.0 	18720 	1439 	479 	1322 	0.93403851911 	0.750260688217
TypeIdentity 	20.0 	18703 	1427 	491 	1339 	0.933190300369 	0.744004171011
TypeIdentity 	21.0 	18645 	1388 	530 	1397 	0.930296377607 	0.723670490094
TypeIdentity 	22.0 	18600 	1375 	543 	1442 	0.928051092705 	0.716892596455
TypeIdentity 	23.0 	18558 	1356 	562 	1484 	0.925955493464 	0.706986444213
TypeIdentity 	24.0 	18494 	1334 	584 	1548 	0.922762199381 	0.695516162669
TypeIdentity 	25.0 	18476 	1330 	588 	1566 	0.921864085421 	0.693430656934
TypeIdentity 	26.0 	18388 	1300 	618 	1654 	0.917473306057 	0.677789363921
TypeIdentity 	27.0 	18329 	1278 	640 	1713 	0.914529488075 	0.666319082377
TypeIdentity 	28.0 	18281 	1258 	660 	1761 	0.912134517513 	0.655891553702
TypeIdentity 	29.0 	18209 	1242 	676 	1833 	0.90854206167 	0.647549530761
TypeIdentity 	30.0 	18171 	1229 	689 	1871 	0.906646043309 	0.640771637122
TypeIdentity 	31.0 	18066 	1201 	717 	1976 	0.901407045205 	0.626173096976
TypeIdentity 	32.0 	18013 	1193 	725 	2029 	0.898762598543 	0.622002085506
TypeIdentity 	33.0 	17990 	1186 	732 	2052 	0.897615008482 	0.618352450469
TypeIdentity 	34.0 	17870 	1145 	773 	2172 	0.891627582078 	0.596976016684
TypeIdentity 	35.0 	17839 	1140 	778 	2203 	0.890080830256 	0.594369134515
TypeIdentity 	36.0 	17746 	1127 	791 	2296 	0.885440574793 	0.587591240876
TypeIdentity 	37.0 	17674 	1108 	810 	2368 	0.88184811895 	0.577685088634
TypeIdentity 	38.0 	17632 	1089 	829 	2410 	0.879752519709 	0.567778936392
TypeIdentity 	39.0 	17570 	1078 	840 	2472 	0.876659016066 	0.56204379562
TypeIdentity 	40.0 	17548 	1073 	845 	2494 	0.875561321225 	0.559436913452
TypeIdentity 	41.0 	17411 	1035 	883 	2631 	0.86872567608 	0.539624608968
TypeIdentity 	42.0 	17311 	1021 	897 	2731 	0.863736154076 	0.532325338895
TypeIdentity 	43.0 	17211 	1009 	909 	2831 	0.858746632073 	0.526068821689
TypeIdentity 	44.0 	17170 	1002 	916 	2872 	0.856700928051 	0.522419186653
TypeIdentity 	45.0 	17109 	994 	924 	2933 	0.853657319629 	0.518248175182
TypeIdentity 	46.0 	17014 	981 	937 	3028 	0.848917273725 	0.511470281543
TypeIdentity 	47.0 	16918 	963 	955 	3124 	0.844127332602 	0.502085505735
TypeIdentity 	48.0 	16840 	948 	970 	3202 	0.840235505439 	0.494264859228
TypeIdentity 	49.0 	16787 	941 	977 	3255 	0.837591058777 	0.490615224192
TypeIdentity 	50.0 	16783 	941 	977 	3259 	0.837391477896 	0.490615224192
TypeIdentity 	51.0 	16481 	874 	1044 	3561 	0.822323121445 	0.455683003128
TypeIdentity 	52.0 	16444 	869 	1049 	3598 	0.820476998304 	0.453076120959
TypeIdentity 	53.0 	16350 	853 	1065 	3692 	0.81578684762 	0.444734098019
TypeIdentity 	54.0 	16231 	843 	1075 	3811 	0.809849316435 	0.439520333681
TypeIdentity 	55.0 	16173 	837 	1081 	3869 	0.806955393673 	0.436392075078
TypeIdentity 	56.0 	16058 	828 	1090 	3984 	0.801217443369 	0.431699687174
TypeIdentity 	57.0 	15974 	821 	1097 	4068 	0.797026244886 	0.428050052138
TypeIdentity 	58.0 	15825 	804 	1114 	4217 	0.7895918571 	0.419186652763
TypeIdentity 	59.0 	15705 	795 	1123 	4337 	0.783604430696 	0.414494264859
TypeIdentity 	60.0 	15673 	790 	1128 	4369 	0.782007783654 	0.41188738269
TypeIdentity 	61.0 	15468 	761 	1157 	4574 	0.771779263547 	0.396767466111
TypeIdentity 	62.0 	15351 	752 	1166 	4691 	0.765941522802 	0.392075078206
TypeIdentity 	63.0 	15257 	739 	1179 	4785 	0.761251372119 	0.385297184567
TypeIdentity 	64.0 	15156 	714 	1204 	4886 	0.756211954895 	0.372262773723
TypeIdentity 	65.0 	15018 	707 	1211 	5024 	0.749326414529 	0.368613138686
TypeIdentity 	66.0 	14917 	700 	1218 	5125 	0.744286997306 	0.36496350365
TypeIdentity 	67.0 	14618 	656 	1262 	5424 	0.729368326514 	0.342022940563
TypeIdentity 	68.0 	14602 	651 	1267 	5440 	0.728570002994 	0.339416058394
TypeIdentity 	69.0 	14432 	638 	1280 	5610 	0.720087815587 	0.332638164755
TypeIdentity 	70.0 	14348 	630 	1288 	5694 	0.715896617104 	0.328467153285
TypeIdentity 	71.0 	14156 	614 	1304 	5886 	0.706316734857 	0.320125130344
TypeIdentity 	72.0 	14044 	604 	1314 	5998 	0.700728470213 	0.314911366006
TypeIdentity 	73.0 	13886 	583 	1335 	6156 	0.692845025447 	0.303962460897
TypeIdentity 	74.0 	13728 	570 	1348 	6314 	0.684961580681 	0.297184567258
TypeIdentity 	75.0 	13708 	568 	1350 	6334 	0.68396367628 	0.29614181439
TypeIdentity 	76.0 	13395 	551 	1367 	6647 	0.668346472408 	0.287278415016
TypeIdentity 	77.0 	13162 	525 	1393 	6880 	0.656720886139 	0.273722627737
TypeIdentity 	78.0 	13014 	509 	1409 	7028 	0.649336393573 	0.265380604797
TypeIdentity 	79.0 	12812 	498 	1420 	7230 	0.639257559126 	0.259645464025
TypeIdentity 	80.0 	12778 	493 	1425 	7264 	0.637561121645 	0.257038581856
TypeIdentity 	81.0 	12306 	467 	1451 	7736 	0.614010577787 	0.243482794578
TypeIdentity 	82.0 	12086 	454 	1464 	7956 	0.603033629378 	0.236704900938
TypeIdentity 	83.0 	11976 	439 	1479 	8066 	0.597545155174 	0.228884254432
TypeIdentity 	84.0 	11638 	422 	1496 	8404 	0.580680570801 	0.220020855057
TypeIdentity 	85.0 	11393 	408 	1510 	8649 	0.568456241892 	0.212721584984
TypeIdentity 	86.0 	11107 	389 	1529 	8935 	0.554186208961 	0.202815432742
TypeIdentity 	87.0 	10835 	376 	1542 	9207 	0.540614709111 	0.196037539103
TypeIdentity 	88.0 	10623 	359 	1559 	9419 	0.530036922463 	0.187174139729
TypeIdentity 	89.0 	10267 	337 	1581 	9775 	0.512274224129 	0.175703858186
TypeIdentity 	90.0 	10131 	329 	1589 	9911 	0.505488474204 	0.171532846715
TypeIdentity 	91.0 	9433 	284 	1634 	10609 	0.470661610618 	0.148070907195
TypeIdentity 	92.0 	9054 	272 	1646 	10988 	0.451751322223 	0.14181438999
TypeIdentity 	93.0 	8318 	246 	1672 	11724 	0.415028440275 	0.128258602711
TypeIdentity 	94.0 	7869 	231 	1687 	12173 	0.392625486478 	0.120437956204
TypeIdentity 	95.0 	7326 	220 	1698 	12716 	0.365532381998 	0.114702815433
TypeIdentity 	96.0 	6679 	207 	1711 	13363 	0.333250174633 	0.107924921794
TypeIdentity 	97.0 	6123 	190 	1728 	13919 	0.305508432292 	0.0990615224192
TypeIdentity 	98.0 	6046 	183 	1735 	13996 	0.301666500349 	0.0954118873827
TypeIdentity 	99.0 	6026 	182 	1736 	14016 	0.300668595949 	0.0948905109489
TypeIdentity 	100.0 	6026 	179 	1739 	14016 	0.300668595949 	0.0933263816475
ProteinClusters 	0.0 	20045 	3340 	0 	0 	1.0 	1.0
ProteinClusters 	9.0 	5237 	54 	3286 	14808 	0.26126216014 	0.0161676646707
ProteinClusters 	29.16 	599 	0 	3340 	19446 	0.0298827637815 	0.0
ProteinClusters 	18.0 	1175 	6 	3334 	18870 	0.0586181092542 	0.00179640718563
ProteinClusters 	11.16 	2882 	28 	3312 	17163 	0.143776502869 	0.00838323353293
ProteinClusters 	9.36 	4196 	48 	3292 	15849 	0.209329009728 	0.014371257485
ProteinClusters 	27.36 	599 	0 	3340 	19446 	0.0298827637815 	0.0
ProteinClusters 	14.76 	1520 	14 	3326 	18525 	0.0758293838863 	0.00419161676647
ProteinClusters 	27.0 	599 	0 	3340 	19446 	0.0298827637815 	0.0
ProteinClusters 	35.28 	165 	0 	3340 	19880 	0.00823147917186 	0.0
ProteinClusters 	36.0 	165 	0 	3340 	19880 	0.00823147917186 	0.0
ProteinClusters 	18.72 	903 	5 	3335 	19142 	0.0450486405587 	0.00149700598802
ProteinClusters 	13.32 	1917 	19 	3321 	18128 	0.0956348216513 	0.00568862275449
ProteinClusters 	9.72 	4196 	48 	3292 	15849 	0.209329009728 	0.014371257485
ProteinClusters 	28.08 	599 	0 	3340 	19446 	0.0298827637815 	0.0
ProteinClusters 	20.16 	821 	3 	3337 	19224 	0.0409578448491 	0.000898203592814
ProteinClusters 	28.44 	599 	0 	3340 	19446 	0.0298827637815 	0.0
ProteinClusters 	26.28 	599 	0 	3340 	19446 	0.0298827637815 	0.0
ProteinClusters 	7.2 	6036 	80 	3260 	14009 	0.301122474433 	0.0239520958084
ProteinClusters 	29.88 	599 	0 	3340 	19446 	0.0298827637815 	0.0
ProteinClusters 	21.6 	781 	3 	3337 	19264 	0.0389623347468 	0.000898203592814
ProteinClusters 	30.6 	599 	0 	3340 	19446 	0.0298827637815 	0.0
ProteinClusters 	19.8 	903 	4 	3336 	19142 	0.0450486405587 	0.00119760479042
ProteinClusters 	15.12 	1430 	10 	3330 	18615 	0.0713394861561 	0.00299401197605
ProteinClusters 	5.4 	7526 	117 	3223 	12519 	0.375455225742 	0.0350299401198
ProteinClusters 	22.32 	776 	0 	3340 	19269 	0.038712895984 	0.0
ProteinClusters 	12.96 	2451 	22 	3318 	17594 	0.122274881517 	0.00658682634731
ProteinClusters 	32.76 	225 	0 	3340 	19820 	0.0112247443253 	0.0
ProteinClusters 	20.52 	821 	3 	3337 	19224 	0.0409578448491 	0.000898203592814
ProteinClusters 	2.88 	10339 	246 	3094 	9706 	0.515789473684 	0.0736526946108
ProteinClusters 	30.24 	599 	0 	3340 	19446 	0.0298827637815 	0.0
ProteinClusters 	10.44 	3445 	41 	3299 	16600 	0.171863307558 	0.0122754491018
ProteinClusters 	11.88 	2882 	28 	3312 	17163 	0.143776502869 	0.00838323353293
ProteinClusters 	8.28 	5237 	54 	3286 	14808 	0.26126216014 	0.0161676646707
ProteinClusters 	6.84 	6650 	95 	3245 	13395 	0.331753554502 	0.0284431137725
ProteinClusters 	21.24 	781 	3 	3337 	19264 	0.0389623347468 	0.000898203592814
ProteinClusters 	12.24 	2451 	22 	3318 	17594 	0.122274881517 	0.00658682634731
ProteinClusters 	20.88 	821 	3 	3337 	19224 	0.0409578448491 	0.000898203592814
ProteinClusters 	10.8 	3445 	41 	3299 	16600 	0.171863307558 	0.0122754491018
ProteinClusters 	16.2 	1359 	8 	3332 	18686 	0.0677974557246 	0.00239520958084
ProteinClusters 	25.2 	599 	0 	3340 	19446 	0.0298827637815 	0.0
ProteinClusters 	15.48 	1430 	10 	3330 	18615 	0.0713394861561 	0.00299401197605
ProteinClusters 	14.4 	1520 	14 	3326 	18525 	0.0758293838863 	0.00419161676647
ProteinClusters 	4.68 	8617 	151 	3189 	11428 	0.429882763781 	0.0452095808383
ProteinClusters 	34.2 	210 	0 	3340 	19835 	0.0104764280369 	0.0
ProteinClusters 	25.92 	599 	0 	3340 	19446 	0.0298827637815 	0.0
ProteinClusters 	30.96 	599 	0 	3340 	19446 	0.0298827637815 	0.0
ProteinClusters 	29.52 	599 	0 	3340 	19446 	0.0298827637815 	0.0
ProteinClusters 	1.8 	10878 	295 	3045 	9167 	0.542678972312 	0.0883233532934
ProteinClusters 	31.32 	599 	0 	3340 	19446 	0.0298827637815 	0.0
ProteinClusters 	17.64 	1175 	6 	3334 	18870 	0.0586181092542 	0.00179640718563
ProteinClusters 	0.36 	19944 	1918 	1422 	101 	0.994961336992 	0.574251497006
ProteinClusters 	3.24 	9531 	184 	3156 	10514 	0.475480169618 	0.0550898203593
ProteinClusters 	24.84 	599 	0 	3340 	19446 	0.0298827637815 	0.0
ProteinClusters 	3.96 	9531 	184 	3156 	10514 	0.475480169618 	0.0550898203593
ProteinClusters 	2.52 	10339 	246 	3094 	9706 	0.515789473684 	0.0736526946108
ProteinClusters 	18.36 	903 	5 	3335 	19142 	0.0450486405587 	0.00149700598802
ProteinClusters 	11.52 	2882 	28 	3312 	17163 	0.143776502869 	0.00838323353293
ProteinClusters 	0.72 	19944 	1918 	1422 	101 	0.994961336992 	0.574251497006
ProteinClusters 	6.48 	6650 	95 	3245 	13395 	0.331753554502 	0.0284431137725
ProteinClusters 	6.12 	6650 	95 	3245 	13395 	0.331753554502 	0.0284431137725
ProteinClusters 	19.08 	903 	4 	3336 	19142 	0.0450486405587 	0.00119760479042
ProteinClusters 	32.4 	225 	0 	3340 	19820 	0.0112247443253 	0.0
ProteinClusters 	3.6 	9531 	184 	3156 	10514 	0.475480169618 	0.0550898203593
ProteinClusters 	24.12 	599 	0 	3340 	19446 	0.0298827637815 	0.0
ProteinClusters 	33.12 	225 	0 	3340 	19820 	0.0112247443253 	0.0
ProteinClusters 	34.92 	210 	0 	3340 	19835 	0.0104764280369 	0.0
ProteinClusters 	7.56 	6036 	80 	3260 	14009 	0.301122474433 	0.0239520958084
ProteinClusters 	19.44 	903 	4 	3336 	19142 	0.0450486405587 	0.00119760479042
ProteinClusters 	24.48 	599 	0 	3340 	19446 	0.0298827637815 	0.0
ProteinClusters 	15.84 	1430 	10 	3330 	18615 	0.0713394861561 	0.00299401197605
ProteinClusters 	21.96 	781 	3 	3337 	19264 	0.0389623347468 	0.000898203592814
ProteinClusters 	23.76 	599 	0 	3340 	19446 	0.0298827637815 	0.0
ProteinClusters 	2.16 	10339 	246 	3094 	9706 	0.515789473684 	0.0736526946108
ProteinClusters 	5.76 	7526 	117 	3223 	12519 	0.375455225742 	0.0350299401198
ProteinClusters 	33.84 	225 	0 	3340 	19820 	0.0112247443253 	0.0
ProteinClusters 	33.48 	225 	0 	3340 	19820 	0.0112247443253 	0.0
ProteinClusters 	35.64 	165 	0 	3340 	19880 	0.00823147917186 	0.0
ProteinClusters 	22.68 	776 	0 	3340 	19269 	0.038712895984 	0.0
ProteinClusters 	12.6 	2451 	22 	3318 	17594 	0.122274881517 	0.00658682634731
ProteinClusters 	14.04 	1520 	14 	3326 	18525 	0.0758293838863 	0.00419161676647
ProteinClusters 	31.68 	599 	0 	3340 	19446 	0.0298827637815 	0.0
ProteinClusters 	28.8 	599 	0 	3340 	19446 	0.0298827637815 	0.0
ProteinClusters 	4.32 	8617 	151 	3189 	11428 	0.429882763781 	0.0452095808383
ProteinClusters 	16.56 	1359 	8 	3332 	18686 	0.0677974557246 	0.00239520958084
ProteinClusters 	23.4 	599 	0 	3340 	19446 	0.0298827637815 	0.0
ProteinClusters 	32.04 	225 	0 	3340 	19820 	0.0112247443253 	0.0
ProteinClusters 	16.92 	1359 	8 	3332 	18686 	0.0677974557246 	0.00239520958084
ProteinClusters 	27.72 	599 	0 	3340 	19446 	0.0298827637815 	0.0
ProteinClusters 	23.04 	599 	0 	3340 	19446 	0.0298827637815 	0.0
ProteinClusters 	1.44 	10878 	295 	3045 	9167 	0.542678972312 	0.0883233532934
ProteinClusters 	1.08 	10878 	295 	3045 	9167 	0.542678972312 	0.0883233532934
ProteinClusters 	5.04 	7526 	117 	3223 	12519 	0.375455225742 	0.0350299401198
ProteinClusters 	17.28 	1175 	6 	3334 	18870 	0.0586181092542 	0.00179640718563
ProteinClusters 	25.56 	599 	0 	3340 	19446 	0.0298827637815 	0.0
ProteinClusters 	13.68 	1917 	19 	3321 	18128 	0.0956348216513 	0.00568862275449
ProteinClusters 	8.64 	5237 	54 	3286 	14808 	0.26126216014 	0.0161676646707
ProteinClusters 	7.92 	6036 	80 	3260 	14009 	0.301122474433 	0.0239520958084
ProteinClusters 	10.08 	3445 	41 	3299 	16600 	0.171863307558 	0.0122754491018
ProteinClusters 	34.56 	210 	0 	3340 	19835 	0.0104764280369 	0.0
ProteinClusters 	26.64 	599 	0 	3340 	19446 	0.0298827637815 	0.0
Clustermembers 	0 	10943 	1719 	1621 	9102 	0.545921676228 	0.514670658683
Clustermembers 	1 	10940 	297 	3043 	9105 	0.545772012971 	0.0889221556886
Clustermembers 	2 	10940 	297 	3043 	9105 	0.545772012971 	0.0889221556886
Clustermembers 	3 	10868 	260 	3080 	9177 	0.542180094787 	0.0778443113772
Clustermembers 	4 	10298 	179 	3161 	9747 	0.513744075829 	0.0535928143713
Clustermembers 	5 	9333 	139 	3201 	10712 	0.465602394612 	0.0416167664671
Clustermembers 	6 	8776 	111 	3229 	11269 	0.437814916438 	0.0332335329341
Clustermembers 	7 	8100 	81 	3259 	11945 	0.40409079571 	0.024251497006
Clustermembers 	8 	7596 	61 	3279 	12449 	0.378947368421 	0.0182634730539
Clustermembers 	9 	7069 	40 	3300 	12976 	0.352656522824 	0.0119760479042
Clustermembers 	10 	6641 	29 	3311 	13404 	0.331304564729 	0.00868263473054
Clustermembers 	11 	6133 	18 	3322 	13912 	0.305961586431 	0.00538922155689
Clustermembers 	12 	5749 	15 	3325 	14296 	0.286804689449 	0.00449101796407
Clustermembers 	13 	5387 	14 	3326 	14658 	0.268745323023 	0.00419161676647
Clustermembers 	14 	4921 	13 	3327 	15124 	0.245497630332 	0.00389221556886
Clustermembers 	15 	4569 	11 	3329 	15476 	0.227937141432 	0.00329341317365
Clustermembers 	16 	4275 	8 	3332 	15770 	0.21327014218 	0.00239520958084
Clustermembers 	17 	3992 	7 	3333 	16053 	0.199151908207 	0.00209580838323
Clustermembers 	18 	3659 	6 	3334 	16386 	0.182539286605 	0.00179640718563
Clustermembers 	19 	3421 	6 	3334 	16624 	0.170666001497 	0.00179640718563
Clustermembers 	20 	3199 	5 	3335 	16846 	0.159590920429 	0.00149700598802
Clustermembers 	21 	3028 	5 	3335 	17017 	0.151060114742 	0.00149700598802
Clustermembers 	22 	2799 	4 	3336 	17246 	0.139635819406 	0.00119760479042
Clustermembers 	23 	2691 	4 	3336 	17354 	0.13424794213 	0.00119760479042
Clustermembers 	24 	2504 	4 	3336 	17541 	0.124918932402 	0.00119760479042
Clustermembers 	25 	2360 	4 	3336 	17685 	0.117735096034 	0.00119760479042
Clustermembers 	26 	2141 	3 	3337 	17904 	0.106809678224 	0.000898203592814
Clustermembers 	27 	2023 	3 	3337 	18022 	0.100922923422 	0.000898203592814
Clustermembers 	28 	1838 	1 	3339 	18207 	0.0916936891993 	0.000299401197605
Clustermembers 	29 	1704 	0 	3340 	18341 	0.0850087303567 	0.0
Clustermembers 	30 	1623 	0 	3340 	18422 	0.0809678223996 	0.0
Clustermembers 	31 	1509 	0 	3340 	18536 	0.0752806186081 	0.0
Clustermembers 	32 	1465 	0 	3340 	18580 	0.0730855574956 	0.0
Clustermembers 	33 	1404 	0 	3340 	18641 	0.0700424045897 	0.0
Clustermembers 	34 	1332 	0 	3340 	18713 	0.0664504864056 	0.0
Clustermembers 	35 	1228 	0 	3340 	18817 	0.0612621601397 	0.0
Clustermembers 	36 	1158 	0 	3340 	18887 	0.0577700174607 	0.0
Clustermembers 	37 	1011 	0 	3340 	19034 	0.0504365178349 	0.0
Clustermembers 	38 	983 	0 	3340 	19062 	0.0490396607633 	0.0
Clustermembers 	39 	923 	0 	3340 	19122 	0.0460463956099 	0.0
Clustermembers 	40 	883 	0 	3340 	19162 	0.0440508855076 	0.0
Clustermembers 	41 	782 	0 	3340 	19263 	0.0390122224994 	0.0
Clustermembers 	42 	741 	0 	3340 	19304 	0.0369668246445 	0.0
Clustermembers 	43 	727 	0 	3340 	19318 	0.0362683961088 	0.0
Clustermembers 	44 	683 	0 	3340 	19362 	0.0340733349963 	0.0
Clustermembers 	45 	618 	0 	3340 	19427 	0.0308306310801 	0.0
Clustermembers 	46 	567 	0 	3340 	19478 	0.0282863556997 	0.0
Clustermembers 	47 	514 	0 	3340 	19531 	0.0256423048142 	0.0
Clustermembers 	48 	492 	0 	3340 	19553 	0.0245447742579 	0.0
Clustermembers 	49 	434 	0 	3340 	19611 	0.0216512846096 	0.0
Clustermembers 	50 	433 	0 	3340 	19612 	0.0216013968571 	0.0
Clustermembers 	51 	399 	0 	3340 	19646 	0.0199052132701 	0.0
Clustermembers 	52 	330 	0 	3340 	19715 	0.0164629583437 	0.0
Clustermembers 	53 	330 	0 	3340 	19715 	0.0164629583437 	0.0
Clustermembers 	54 	308 	0 	3340 	19737 	0.0153654277875 	0.0
Clustermembers 	55 	308 	0 	3340 	19737 	0.0153654277875 	0.0
Clustermembers 	56 	308 	0 	3340 	19737 	0.0153654277875 	0.0
Clustermembers 	57 	286 	0 	3340 	19759 	0.0142678972312 	0.0
Clustermembers 	58 	264 	0 	3340 	19781 	0.013170366675 	0.0
Clustermembers 	59 	243 	0 	3340 	19802 	0.0121227238713 	0.0
Clustermembers 	60 	194 	0 	3340 	19851 	0.00967822399601 	0.0
Clustermembers 	61 	167 	0 	3340 	19878 	0.00833125467698 	0.0
Clustermembers 	62 	167 	0 	3340 	19878 	0.00833125467698 	0.0
Clustermembers 	63 	146 	0 	3340 	19899 	0.00728361187329 	0.0
Clustermembers 	64 	72 	0 	3340 	19973 	0.00359191818409 	0.0
Clustermembers 	65 	72 	0 	3340 	19973 	0.00359191818409 	0.0
Clustermembers 	66 	49 	0 	3340 	19996 	0.00244449987528 	0.0
Clustermembers 	67 	49 	0 	3340 	19996 	0.00244449987528 	0.0
Clustermembers 	68 	49 	0 	3340 	19996 	0.00244449987528 	0.0
Clustermembers 	69 	49 	0 	3340 	19996 	0.00244449987528 	0.0
Clustermembers 	70 	49 	0 	3340 	19996 	0.00244449987528 	0.0
Clustermembers 	71 	49 	0 	3340 	19996 	0.00244449987528 	0.0
Clustermembers 	72 	49 	0 	3340 	19996 	0.00244449987528 	0.0
Clustermembers 	73 	49 	0 	3340 	19996 	0.00244449987528 	0.0
Clustermembers 	74 	49 	0 	3340 	19996 	0.00244449987528 	0.0
Clustermembers 	75 	49 	0 	3340 	19996 	0.00244449987528 	0.0
Clustermembers 	76 	49 	0 	3340 	19996 	0.00244449987528 	0.0
Clustermembers 	77 	49 	0 	3340 	19996 	0.00244449987528 	0.0
Clustermembers 	78 	49 	0 	3340 	19996 	0.00244449987528 	0.0
Clustermembers 	79 	49 	0 	3340 	19996 	0.00244449987528 	0.0
Clustermembers 	80 	49 	0 	3340 	19996 	0.00244449987528 	0.0
Clustermembers 	81 	49 	0 	3340 	19996 	0.00244449987528 	0.0
Clustermembers 	82 	49 	0 	3340 	19996 	0.00244449987528 	0.0
Clustermembers 	83 	49 	0 	3340 	19996 	0.00244449987528 	0.0
Clustermembers 	84 	49 	0 	3340 	19996 	0.00244449987528 	0.0
Clustermembers 	85 	49 	0 	3340 	19996 	0.00244449987528 	0.0
Clustermembers 	86 	49 	0 	3340 	19996 	0.00244449987528 	0.0
Clustermembers 	87 	49 	0 	3340 	19996 	0.00244449987528 	0.0
Clustermembers 	88 	49 	0 	3340 	19996 	0.00244449987528 	0.0
Clustermembers 	89 	49 	0 	3340 	19996 	0.00244449987528 	0.0
Clustermembers 	90 	49 	0 	3340 	19996 	0.00244449987528 	0.0
Clustermembers 	91 	49 	0 	3340 	19996 	0.00244449987528 	0.0
Clustermembers 	92 	49 	0 	3340 	19996 	0.00244449987528 	0.0
Clustermembers 	93 	49 	0 	3340 	19996 	0.00244449987528 	0.0
Clustermembers 	94 	49 	0 	3340 	19996 	0.00244449987528 	0.0
Clustermembers 	95 	49 	0 	3340 	19996 	0.00244449987528 	0.0
Clustermembers 	96 	49 	0 	3340 	19996 	0.00244449987528 	0.0
Clustermembers 	97 	49 	0 	3340 	19996 	0.00244449987528 	0.0
Clustermembers 	98 	49 	0 	3340 	19996 	0.00244449987528 	0.0
Clustermembers 	99 	49 	0 	3340 	19996 	0.00244449987528 	0.0
Clustermembers 	100 	49 	0 	3340 	19996 	0.00244449987528 	0.0
TotalEvidence 	0 	20045 	3340 	0 	0 	1.0 	1.0
TotalEvidence 	1 	20042 	1883 	1457 	3 	0.999850336742 	0.56377245509
TotalEvidence 	2 	20032 	1851 	1489 	13 	0.999351459217 	0.554191616766
TotalEvidence 	3 	20010 	1821 	1519 	35 	0.998253928661 	0.545209580838
TotalEvidence 	4 	19944 	1773 	1567 	101 	0.994961336992 	0.530838323353
TotalEvidence 	5 	19792 	1706 	1634 	253 	0.987378398603 	0.510778443114
TotalEvidence 	6 	19585 	1662 	1678 	460 	0.977051633824 	0.497604790419
TotalEvidence 	7 	19283 	1594 	1746 	762 	0.961985532552 	0.477245508982
TotalEvidence 	8 	18960 	1523 	1817 	1085 	0.945871788476 	0.455988023952
TotalEvidence 	9 	18639 	1466 	1874 	1406 	0.929857819905 	0.438922155689
TotalEvidence 	10 	18252 	1416 	1924 	1793 	0.910551259666 	0.423952095808
TotalEvidence 	11 	17893 	1368 	1972 	2152 	0.892641556498 	0.409580838323
TotalEvidence 	12 	17423 	1315 	2025 	2622 	0.869194312796 	0.39371257485
TotalEvidence 	13 	17075 	1255 	2085 	2970 	0.851833374906 	0.375748502994
TotalEvidence 	14 	16655 	1190 	2150 	3390 	0.830880518833 	0.35628742515
TotalEvidence 	15 	16246 	1151 	2189 	3799 	0.810476428037 	0.344610778443
TotalEvidence 	16 	15913 	1100 	2240 	4132 	0.793863806436 	0.329341317365
TotalEvidence 	17 	15539 	1051 	2289 	4506 	0.775205786979 	0.314670658683
TotalEvidence 	18 	15277 	1014 	2326 	4768 	0.762135195809 	0.303592814371
TotalEvidence 	19 	14811 	981 	2359 	5234 	0.738887503118 	0.29371257485
TotalEvidence 	20 	14477 	949 	2391 	5568 	0.722224993764 	0.284131736527
TotalEvidence 	21 	14204 	931 	2409 	5841 	0.708605637316 	0.27874251497
TotalEvidence 	22 	13892 	899 	2441 	6153 	0.693040658518 	0.269161676647
TotalEvidence 	23 	13517 	871 	2469 	6528 	0.67433275131 	0.260778443114
TotalEvidence 	24 	13254 	832 	2508 	6791 	0.661212272387 	0.249101796407
TotalEvidence 	25 	12948 	802 	2538 	7097 	0.645946620105 	0.240119760479
TotalEvidence 	26 	12625 	789 	2551 	7420 	0.629832876029 	0.23622754491
TotalEvidence 	27 	12502 	750 	2590 	7543 	0.623696682464 	0.224550898204
TotalEvidence 	28 	12288 	725 	2615 	7757 	0.613020703417 	0.217065868263
TotalEvidence 	29 	12009 	703 	2637 	8036 	0.599102020454 	0.210479041916
TotalEvidence 	30 	11796 	686 	2654 	8249 	0.588475929159 	0.205389221557
TotalEvidence 	31 	11611 	674 	2666 	8434 	0.579246694936 	0.201796407186
TotalEvidence 	32 	11295 	666 	2674 	8750 	0.563482165128 	0.199401197605
TotalEvidence 	33 	11063 	638 	2702 	8982 	0.551908206535 	0.191017964072
TotalEvidence 	34 	10757 	618 	2722 	9288 	0.536642554253 	0.18502994012
TotalEvidence 	35 	10542 	599 	2741 	9503 	0.525916687453 	0.179341317365
TotalEvidence 	36 	10336 	595 	2745 	9709 	0.515639810427 	0.178143712575
TotalEvidence 	37 	10173 	583 	2757 	9872 	0.50750810676 	0.174550898204
TotalEvidence 	38 	9894 	563 	2777 	10151 	0.493589423796 	0.168562874251
TotalEvidence 	39 	9668 	541 	2799 	10377 	0.482314791719 	0.161976047904
TotalEvidence 	40 	9465 	532 	2808 	10580 	0.47218757795 	0.159281437126
TotalEvidence 	41 	9338 	517 	2823 	10707 	0.465851833375 	0.154790419162
TotalEvidence 	42 	9276 	509 	2831 	10769 	0.462758792716 	0.152395209581
TotalEvidence 	43 	9132 	499 	2841 	10913 	0.455574956348 	0.149401197605
TotalEvidence 	44 	8989 	487 	2853 	11056 	0.448441007733 	0.145808383234
TotalEvidence 	45 	8925 	468 	2872 	11120 	0.445248191569 	0.140119760479
TotalEvidence 	46 	8807 	452 	2888 	11238 	0.439361436767 	0.135329341317
TotalEvidence 	47 	8721 	441 	2899 	11324 	0.435071090047 	0.132035928144
TotalEvidence 	48 	8631 	430 	2910 	11414 	0.430581192317 	0.12874251497
TotalEvidence 	49 	8450 	409 	2931 	11595 	0.421551509105 	0.12245508982
TotalEvidence 	50 	8351 	396 	2944 	11694 	0.416612621601 	0.118562874251
TotalEvidence 	51 	8280 	380 	2960 	11765 	0.41307059117 	0.11377245509
TotalEvidence 	52 	8153 	374 	2966 	11892 	0.406734846595 	0.111976047904
TotalEvidence 	53 	8079 	368 	2972 	11966 	0.403043152906 	0.110179640719
TotalEvidence 	54 	7836 	354 	2986 	12209 	0.390920429035 	0.105988023952
TotalEvidence 	55 	7640 	352 	2988 	12405 	0.381142429534 	0.105389221557
TotalEvidence 	56 	7545 	347 	2993 	12500 	0.376403093041 	0.103892215569
TotalEvidence 	57 	7447 	340 	3000 	12598 	0.37151409329 	0.101796407186
TotalEvidence 	58 	7359 	338 	3002 	12686 	0.367123971065 	0.10119760479
TotalEvidence 	59 	7218 	331 	3009 	12827 	0.360089797955 	0.0991017964072
TotalEvidence 	60 	7085 	323 	3017 	12960 	0.353454726865 	0.0967065868263
TotalEvidence 	61 	6992 	313 	3027 	13053 	0.348815165877 	0.0937125748503
TotalEvidence 	62 	6891 	307 	3033 	13154 	0.343776502869 	0.0919161676647
TotalEvidence 	63 	6823 	281 	3059 	13222 	0.340384135695 	0.0841317365269
TotalEvidence 	64 	6819 	277 	3063 	13226 	0.340184584684 	0.0829341317365
TotalEvidence 	65 	6741 	256 	3084 	13304 	0.336293339985 	0.0766467065868
TotalEvidence 	66 	6600 	249 	3091 	13445 	0.329259166875 	0.0745508982036
TotalEvidence 	67 	6491 	245 	3095 	13554 	0.323821401846 	0.0733532934132
TotalEvidence 	68 	6490 	245 	3095 	13555 	0.323771514093 	0.0733532934132
TotalEvidence 	69 	6477 	237 	3103 	13568 	0.32312297331 	0.0709580838323
TotalEvidence 	70 	6383 	236 	3104 	13662 	0.31843352457 	0.0706586826347
TotalEvidence 	71 	6223 	225 	3115 	13822 	0.310451484161 	0.0673652694611
TotalEvidence 	72 	6107 	222 	3118 	13938 	0.304664504864 	0.0664670658683
TotalEvidence 	73 	6045 	217 	3123 	14000 	0.301571464206 	0.0649700598802
TotalEvidence 	74 	5914 	212 	3128 	14131 	0.295036168621 	0.0634730538922
TotalEvidence 	75 	5898 	205 	3135 	14147 	0.29423796458 	0.061377245509
TotalEvidence 	76 	5844 	197 	3143 	14201 	0.291544025942 	0.0589820359281
TotalEvidence 	77 	5596 	185 	3155 	14449 	0.279171863308 	0.0553892215569
TotalEvidence 	78 	5550 	180 	3160 	14495 	0.27687702669 	0.0538922155689
TotalEvidence 	79 	5448 	175 	3165 	14597 	0.271788475929 	0.0523952095808
TotalEvidence 	80 	5274 	172 	3168 	14771 	0.263108006984 	0.051497005988
TotalEvidence 	81 	5213 	167 	3173 	14832 	0.260064854078 	0.05
TotalEvidence 	82 	5213 	151 	3189 	14832 	0.260064854078 	0.0452095808383
TotalEvidence 	83 	5129 	150 	3190 	14916 	0.255874282864 	0.0449101796407
TotalEvidence 	84 	4939 	146 	3194 	15106 	0.246395609878 	0.0437125748503
TotalEvidence 	85 	4890 	144 	3196 	15155 	0.243951110002 	0.0431137724551
TotalEvidence 	86 	4890 	138 	3202 	15155 	0.243951110002 	0.0413173652695
TotalEvidence 	87 	4797 	138 	3202 	15248 	0.239311549015 	0.0413173652695
TotalEvidence 	88 	4732 	137 	3203 	15313 	0.236068845099 	0.0410179640719
TotalEvidence 	89 	4659 	135 	3205 	15386 	0.232427039162 	0.0404191616766
TotalEvidence 	90 	4563 	128 	3212 	15482 	0.227637814916 	0.0383233532934
TotalEvidence 	91 	4470 	128 	3212 	15575 	0.222998253929 	0.0383233532934
TotalEvidence 	92 	4469 	125 	3215 	15576 	0.222948366176 	0.0374251497006
TotalEvidence 	93 	4343 	123 	3217 	15702 	0.216662509354 	0.0368263473054
TotalEvidence 	94 	4229 	123 	3217 	15816 	0.210975305562 	0.0368263473054
TotalEvidence 	95 	4086 	123 	3217 	15959 	0.203841356947 	0.0368263473054
TotalEvidence 	96 	4013 	118 	3222 	16032 	0.20019955101 	0.0353293413174
TotalEvidence 	97 	4013 	117 	3223 	16032 	0.20019955101 	0.0350299401198
TotalEvidence 	98 	3989 	117 	3223 	16056 	0.199002244949 	0.0350299401198
TotalEvidence 	99 	3989 	114 	3226 	16056 	0.199002244949 	0.0341317365269
TotalEvidence 	100 	3988 	111 	3229 	16057 	0.198952357196 	0.0332335329341
ClusterEvidence 	0 	10943 	1719 	1621 	9102 	0.545921676228 	0.514670658683
ClusterEvidence 	1 	10924 	266 	3074 	9121 	0.54497380893 	0.0796407185629
ClusterEvidence 	2 	10676 	224 	3116 	9369 	0.532601646296 	0.0670658682635
ClusterEvidence 	3 	9401 	171 	3169 	10644 	0.468994761786 	0.0511976047904
ClusterEvidence 	4 	8388 	129 	3211 	11657 	0.418458468446 	0.038622754491
ClusterEvidence 	5 	7556 	108 	3232 	12489 	0.376951858319 	0.0323353293413
ClusterEvidence 	6 	6755 	91 	3249 	13290 	0.336991768521 	0.027245508982
ClusterEvidence 	7 	6051 	79 	3261 	13994 	0.301870790721 	0.0236526946108
ClusterEvidence 	8 	5328 	57 	3283 	14717 	0.265801945622 	0.0170658682635
ClusterEvidence 	9 	4769 	50 	3290 	15276 	0.237914691943 	0.0149700598802
ClusterEvidence 	10 	4272 	36 	3304 	15773 	0.213120478922 	0.0107784431138
ClusterEvidence 	11 	3888 	35 	3305 	16157 	0.193963581941 	0.0104790419162
ClusterEvidence 	12 	3468 	31 	3309 	16577 	0.173010725867 	0.00928143712575
ClusterEvidence 	13 	3087 	26 	3314 	16958 	0.154003492143 	0.00778443113772
ClusterEvidence 	14 	2798 	23 	3317 	17247 	0.139585931654 	0.00688622754491
ClusterEvidence 	15 	2563 	19 	3321 	17482 	0.127862309803 	0.00568862275449
ClusterEvidence 	16 	2347 	17 	3323 	17698 	0.117086555251 	0.00508982035928
ClusterEvidence 	17 	2064 	17 	3323 	17981 	0.102968321277 	0.00508982035928
ClusterEvidence 	18 	1795 	16 	3324 	18250 	0.0895485158394 	0.00479041916168
ClusterEvidence 	19 	1622 	15 	3325 	18423 	0.080917934647 	0.00449101796407
ClusterEvidence 	20 	1434 	14 	3326 	18611 	0.0715390371664 	0.00419161676647
ClusterEvidence 	21 	1348 	13 	3327 	18697 	0.0672486904465 	0.00389221556886
ClusterEvidence 	22 	1219 	11 	3329 	18826 	0.0608131703667 	0.00329341317365
ClusterEvidence 	23 	1164 	11 	3329 	18881 	0.0580693439761 	0.00329341317365
ClusterEvidence 	24 	1061 	9 	3331 	18984 	0.0529309054627 	0.00269461077844
ClusterEvidence 	25 	999 	9 	3331 	19046 	0.0498378648042 	0.00269461077844
ClusterEvidence 	26 	857 	9 	3331 	19188 	0.0427538039411 	0.00269461077844
ClusterEvidence 	27 	820 	9 	3331 	19225 	0.0409079570965 	0.00269461077844
ClusterEvidence 	28 	778 	9 	3331 	19267 	0.0388126714891 	0.00269461077844
ClusterEvidence 	29 	696 	9 	3331 	19349 	0.0347218757795 	0.00269461077844
ClusterEvidence 	30 	629 	9 	3331 	19416 	0.0313793963582 	0.00269461077844
ClusterEvidence 	31 	590 	9 	3331 	19455 	0.0294337740085 	0.00269461077844
ClusterEvidence 	32 	553 	9 	3331 	19492 	0.0275879271639 	0.00269461077844
ClusterEvidence 	33 	515 	9 	3331 	19530 	0.0256921925667 	0.00269461077844
ClusterEvidence 	34 	443 	9 	3331 	19602 	0.0221002743826 	0.00269461077844
ClusterEvidence 	35 	378 	9 	3331 	19667 	0.0188575704665 	0.00269461077844
ClusterEvidence 	36 	310 	9 	3331 	19735 	0.0154652032926 	0.00269461077844
ClusterEvidence 	37 	283 	8 	3332 	19762 	0.0141182339736 	0.00239520958084
ClusterEvidence 	38 	206 	7 	3333 	19839 	0.0102768770267 	0.00209580838323
ClusterEvidence 	39 	203 	7 	3333 	19842 	0.010127213769 	0.00209580838323
ClusterEvidence 	40 	167 	7 	3333 	19878 	0.00833125467698 	0.00209580838323
ClusterEvidence 	41 	162 	6 	3334 	19883 	0.00808181591419 	0.00179640718563
ClusterEvidence 	42 	136 	6 	3334 	19909 	0.00678473434772 	0.00179640718563
ClusterEvidence 	43 	136 	6 	3334 	19909 	0.00678473434772 	0.00179640718563
ClusterEvidence 	44 	131 	6 	3334 	19914 	0.00653529558493 	0.00179640718563
ClusterEvidence 	45 	131 	5 	3335 	19914 	0.00653529558493 	0.00149700598802
ClusterEvidence 	46 	121 	5 	3335 	19924 	0.00603641805937 	0.00149700598802
ClusterEvidence 	47 	113 	5 	3335 	19932 	0.00563731603891 	0.00149700598802
ClusterEvidence 	48 	103 	4 	3336 	19942 	0.00513843851334 	0.00119760479042
ClusterEvidence 	49 	83 	4 	3336 	19962 	0.00414068346221 	0.00119760479042
ClusterEvidence 	50 	74 	4 	3336 	19971 	0.0036916936892 	0.00119760479042
ClusterEvidence 	51 	70 	4 	3336 	19975 	0.00349214267897 	0.00119760479042
ClusterEvidence 	52 	70 	4 	3336 	19975 	0.00349214267897 	0.00119760479042
ClusterEvidence 	53 	69 	3 	3337 	19976 	0.00344225492642 	0.000898203592814
ClusterEvidence 	54 	69 	3 	3337 	19976 	0.00344225492642 	0.000898203592814
ClusterEvidence 	55 	69 	3 	3337 	19976 	0.00344225492642 	0.000898203592814
ClusterEvidence 	56 	67 	3 	3337 	19978 	0.0033424794213 	0.000898203592814
ClusterEvidence 	57 	67 	3 	3337 	19978 	0.0033424794213 	0.000898203592814
ClusterEvidence 	58 	18 	3 	3337 	20027 	0.000897979546021 	0.000898203592814
ClusterEvidence 	59 	16 	3 	3337 	20029 	0.000798204040908 	0.000898203592814
ClusterEvidence 	60 	11 	3 	3337 	20034 	0.000548765278124 	0.000898203592814
ClusterEvidence 	61 	11 	3 	3337 	20034 	0.000548765278124 	0.000898203592814
ClusterEvidence 	62 	11 	3 	3337 	20034 	0.000548765278124 	0.000898203592814
ClusterEvidence 	63 	11 	2 	3338 	20034 	0.000548765278124 	0.00059880239521
ClusterEvidence 	64 	11 	2 	3338 	20034 	0.000548765278124 	0.00059880239521
ClusterEvidence 	65 	9 	2 	3338 	20036 	0.000448989773011 	0.00059880239521
ClusterEvidence 	66 	9 	2 	3338 	20036 	0.000448989773011 	0.00059880239521
ClusterEvidence 	67 	9 	2 	3338 	20036 	0.000448989773011 	0.00059880239521
ClusterEvidence 	68 	8 	2 	3338 	20037 	0.000399102020454 	0.00059880239521
ClusterEvidence 	69 	8 	2 	3338 	20037 	0.000399102020454 	0.00059880239521
ClusterEvidence 	70 	8 	2 	3338 	20037 	0.000399102020454 	0.00059880239521
ClusterEvidence 	71 	3 	2 	3338 	20042 	0.00014966325767 	0.00059880239521
ClusterEvidence 	72 	3 	2 	3338 	20042 	0.00014966325767 	0.00059880239521
ClusterEvidence 	73 	3 	2 	3338 	20042 	0.00014966325767 	0.00059880239521
ClusterEvidence 	74 	2 	1 	3339 	20043 	9.97755051135e-05 	0.000299401197605
ClusterEvidence 	75 	2 	1 	3339 	20043 	9.97755051135e-05 	0.000299401197605
ClusterEvidence 	76 	0 	1 	3339 	20045 	0.0 	0.000299401197605
ClusterEvidence 	77 	0 	1 	3339 	20045 	0.0 	0.000299401197605
ClusterEvidence 	78 	0 	1 	3339 	20045 	0.0 	0.000299401197605
ClusterEvidence 	79 	0 	1 	3339 	20045 	0.0 	0.000299401197605
ClusterEvidence 	80 	0 	1 	3339 	20045 	0.0 	0.000299401197605
ClusterEvidence 	81 	0 	1 	3339 	20045 	0.0 	0.000299401197605
ClusterEvidence 	82 	0 	1 	3339 	20045 	0.0 	0.000299401197605
ClusterEvidence 	83 	0 	1 	3339 	20045 	0.0 	0.000299401197605
ClusterEvidence 	84 	0 	1 	3339 	20045 	0.0 	0.000299401197605
ClusterEvidence 	85 	0 	1 	3339 	20045 	0.0 	0.000299401197605
ClusterEvidence 	86 	0 	1 	3339 	20045 	0.0 	0.000299401197605
ClusterEvidence 	87 	0 	1 	3339 	20045 	0.0 	0.000299401197605
ClusterEvidence 	88 	0 	1 	3339 	20045 	0.0 	0.000299401197605
ClusterEvidence 	89 	0 	1 	3339 	20045 	0.0 	0.000299401197605
ClusterEvidence 	90 	0 	1 	3339 	20045 	0.0 	0.000299401197605
ClusterEvidence 	91 	0 	1 	3339 	20045 	0.0 	0.000299401197605
ClusterEvidence 	92 	0 	1 	3339 	20045 	0.0 	0.000299401197605
ClusterEvidence 	93 	0 	1 	3339 	20045 	0.0 	0.000299401197605
ClusterEvidence 	94 	0 	0 	3340 	20045 	0.0 	0.0
ClusterEvidence 	95 	0 	0 	3340 	20045 	0.0 	0.0
ClusterEvidence 	96 	0 	0 	3340 	20045 	0.0 	0.0
ClusterEvidence 	97 	0 	0 	3340 	20045 	0.0 	0.0
ClusterEvidence 	98 	0 	0 	3340 	20045 	0.0 	0.0
ClusterEvidence 	99 	0 	0 	3340 	20045 	0.0 	0.0
ClusterEvidence 	100 	0 	0 	3340 	20045 	0.0 	0.0
